N	β	B	Ω	E/N	M/N
2.0	0.5	0.0	0.0	-0.23105857863000492	0.23105857863000492
2.0	0.5	0.0	1.0	-0.9224691884551877	0.30748972948506254
2.0	0.5	0.0	2.0	-2.1672436103511843	0.41092669518324826
2.0	0.5	0.0	3.0	-3.3446770606410228	0.4647474504898339
2.0	0.5	1.0	0.0	-0.6338346420212646	0.2006679429145531
2.0	0.5	1.0	1.0	-1.2282556430876677	0.27314804986561514
2.0	0.5	1.0	2.0	-2.35924122000117	0.37903260065792266
2.0	0.5	1.0	3.0	-3.478699684245231	0.4403582101248338
2.0	0.5	2.0	0.0	-1.6071962013325716	0.14243260513734984
2.0	0.5	2.0	1.0	-2.0137113701421097	0.20211626621001624
2.0	0.5	2.0	2.0	-2.8905408392785255	0.30493185215064383
2.0	0.5	2.0	3.0	-3.8620404735605285	0.37896321293045376
2.0	0.5	3.0	0.0	-2.7561247016794024	0.0963088594655484
2.0	0.5	3.0	1.0	-3.0153645829680533	0.1395599224607281
2.0	0.5	3.0	2.0	-3.648065129084519	0.2271244099451395
2.0	0.5	3.0	3.0	-4.443654715836598	0.30520019328685966
2.0	1.0	0.0	0.0	-0.3807970779778824	0.3807970779778824
2.0	1.0	0.0	1.0	-1.3958299876550313	0.46527666255167704
2.0	1.0	0.0	2.0	-2.483871006657594	0.49506859739781184
2.0	1.0	0.0	3.0	-3.4972812744687096	0.4993295286998416
2.0	1.0	1.0	0.0	-0.9176900178797924	0.25845416276251054
2.0	1.0	1.0	1.0	-1.6616747730576054	0.3741414274768745
2.0	1.0	1.0	2.0	-2.6499089956078175	0.4453176085783453
2.0	1.0	1.0	3.0	-3.6212948017489888	0.4697887460665445
2.0	1.0	2.0	0.0	-1.9805411810358697	0.1335574612825982
2.0	1.0	2.0	1.0	-2.363125313069414	0.2280486788815027
2.0	1.0	2.0	2.0	-3.117420759133749	0.33737336413551766
2.0	1.0	2.0	3.0	-3.977926814558893	0.39713952232434263
2.0	1.0	3.0	0.0	-3.022744564660971	0.08428671236062316
2.0	1.0	3.0	1.0	-3.246252742466136	0.1401864011681716
2.0	1.0	3.0	2.0	-3.7993255912342248	0.2374728202532556
2.0	1.0	3.0	3.0	-4.52532913884182	0.3135468222355857
2.0	1.5	0.0	0.0	-0.45257412682243325	0.45257412682243325
2.0	1.5	0.0	1.0	-1.4852372664140312	0.49507908880467705
2.0	1.5	0.0	2.0	-2.4992351578034704	0.4997532428124675
2.0	1.5	0.0	3.0	-3.499950755527182	0.499987711726484
2.0	1.5	1.0	0.0	-1.0218399903895252	0.2554303897357755
2.0	1.5	1.0	1.0	-1.7335353534641502	0.3898349339480176
2.0	1.5	1.0	2.0	-2.663566504127586	0.44871199777446935
2.0	1.5	1.0	3.0	-3.6236585253966016	0.4703082392208474
2.0	1.5	2.0	0.0	-2.046085136978469	0.12444818509625549
2.0	1.5	2.0	1.0	-2.3988531251283116	0.22895945711236199
2.0	1.5	2.0	2.0	-3.1258544037324922	0.3385084229146897
2.0	1.5	2.0	3.0	-3.9794958589525247	0.3973866526724894
2.0	1.5	3.0	0.0	-3.040054242583302	0.08238933540667298
2.0	1.5	3.0	1.0	-3.2571123652215563	0.13971105561828795
2.0	1.5	3.0	2.0	-3.802692641264917	0.23762811538496512
2.0	1.5	3.0	3.0	-4.526075317728261	0.3136160933068286
2.0	2.0	0.0	0.0	-0.48201379003790845	0.48201379003790845
2.0	2.0	0.0	1.0	-1.4979892478292067	0.4993297492764022
2.0	2.0	0.0	2.0	-2.4999626850479224	0.4999877117276797
2.0	2.0	0.0	3.0	-3.499999099492297	0.4999997749297012
2.0	2.0	1.0	0.0	-1.0674319553929872	0.24400289162621752
2.0	2.0	1.0	1.0	-1.7447407506555346	0.3920345357101946
2.0	2.0	1.0	2.0	-2.6642145967957918	0.4488744945952671
2.0	2.0	1.0	3.0	-3.6236989107579767	0.4703171495977282
2.0	2.0	2.0	0.0	-2.058441805464379	0.12197824447300032
2.0	2.0	2.0	1.0	-2.402708738912692	0.2289294641590113
2.0	2.0	2.0	2.0	-3.1261839892403636	0.33854866925956634
2.0	2.0	2.0	3.0	-3.979517867779986	0.3973900223893172
2.0	2.0	3.0	0.0	-3.041280996002174	0.08221515727327303
2.0	2.0	3.0	1.0	-3.257669528010875	0.13967200646543074
2.0	2.0	3.0	2.0	-3.8027735279338577	0.23763051948063943
2.0	2.0	3.0	3.0	-4.526082514776105	0.3136166973263807
2.0	2.5	0.0	0.0	-0.49330714907571516	0.49330714907571516
2.0	2.5	0.0	1.0	-1.499727637517138	0.49990921250571263
2.0	2.5	0.0	2.0	-2.499998156342594	0.49999938819573453
2.0	2.5	0.0	3.0	-3.49999998351021	0.4999999958776928
2.0	2.5	1.0	0.0	-1.0906446745833112	0.23541218189595173
2.0	2.5	1.0	1.0	-1.746591004626424	0.39236259937444123
2.0	2.5	1.0	2.0	-2.6642462816513186	0.44888236485849925
2.0	2.5	1.0	3.0	-3.623699606903542	0.47031730283615486
2.0	2.5	2.0	0.0	-2.060911179252293	0.12142002769529303
2.0	2.5	2.0	1.0	-2.403151909006743	0.22891801877183654
2.0	2.5	2.0	2.0	-3.126197473909743	0.3385501862145276
2.0	2.5	2.0	3.0	-3.979518183581757	0.39739006944634486
2.0	2.5	3.0	0.0	-3.041373492162996	0.08220074775038977
2.0	2.5	3.0	1.0	-3.2576999513733482	0.13966949165551726
2.0	2.5	3.0	2.0	-3.8027755823711376	0.23763056021520226
2.0	2.5	3.0	3.0	-4.526082587084484	0.31361670291791144
2.0	3.0	0.0	0.0	-0.49752737684336523	0.49752737684336523
2.0	3.0	0.0	1.0	-1.4999631354053917	0.49998771180179724
2.0	3.0	0.0	2.0	-2.499999908469119	0.49999996954004144
2.0	3.0	0.0	3.0	-3.4999999996979883	0.49999999992449734
2.0	3.0	1.0	0.0	-1.1031432418785303	0.23017818187006506
2.0	3.0	1.0	1.0	-1.7469104580687258	0.39241498202455016
2.0	3.0	1.0	2.0	-2.6642478552302387	0.4488827508560533
2.0	3.0	1.0	3.0	-3.623699618945306	0.47031730547918776
2.0	3.0	2.0	0.0	-2.061419079535569	0.12129998487748794
2.0	3.0	2.0	1.0	-2.4032046532573084	0.2289161889068431
2.0	3.0	2.0	2.0	-3.126198042903908	0.3385502464513982
2.0	3.0	2.0	3.0	-3.9795181881964377	0.3973900701179603
2.0	3.0	3.0	0.0	-3.041380656565746	0.082199593014376
2.0	3.0	3.0	1.0	-3.2577016621168795	0.13966934085286334
2.0	3.0	3.0	2.0	-3.802775636254327	0.2376305609893253
2.0	3.0	3.0	3.0	-4.5260825878322795	0.3136167029723409
2.0	3.5	0.0	0.0	-0.49908894880559934	0.49908894880559934
2.0	3.5	0.0	1.0	-1.4999950108401314	0.4999983369467105
2.0	3.5	0.0	2.0	-2.4999999954476984	0.4999999984834879
2.0	3.5	0.0	3.0	-3.4999999999944684	0.4999999999986171
2.0	3.5	1.0	0.0	-1.109952380599144	0.22720356044762774
2.0	3.5	1.0	1.0	-1.7469671210917688	0.3924237901076484
2.0	3.5	1.0	2.0	-2.6642479342415153	0.4488827700027308
2.0	3.5	1.0	3.0	-3.6236996191541917	0.4703173055249039
2.0	3.5	2.0	0.0	-2.0615248241764923	0.12127458048032608
2.0	3.5	2.0	1.0	-2.4032110381536897	0.2289159409417565
2.0	3.5	2.0	2.0	-3.126198067408806	0.33855024893957475
2.0	3.5	2.0	3.0	-3.9795181882648927	0.3973900701277293
2.0	3.5	3.0	0.0	-3.041381217322863	0.08219950149530873
2.0	3.5	3.0	1.0	-3.257701759534794	0.13966933204150916
2.0	3.5	3.0	2.0	-3.8027756376922035	0.2376305610058581
2.0	3.5	3.0	3.0	-4.526082587840165	0.31361670297289146
2.0	4.0	0.0	0.0	-0.4996646498695335	0.4996646498695335
2.0	4.0	0.0	1.0	-1.4999993247891796	0.4999997749297265
2.0	4.0	0.0	2.0	-2.4999999997734412	0.4999999999244973
2.0	4.0	0.0	3.0	-3.4999999999998983	0.4999999999999747
2.0	4.0	1.0	0.0	-1.1136583311505392	0.2255601926746918
2.0	4.0	1.0	1.0	-1.746977331300021	0.39242532412717696
2.0	4.0	1.0	2.0	-2.6642479382447313	0.44888277096219564
2.0	4.0	1.0	3.0	-3.6236996191578252	0.47031730552569684
2.0	4.0	2.0	0.0	-2.061546945974693	0.12126923386927652
2.0	4.0	2.0	1.0	-2.403211817183994	0.22891590921550853
2.0	4.0	2.0	2.0	-3.126198068478076	0.338550249045226
2.0	4.0	2.0	3.0	-3.97951818826592	0.39739007012787364
2.0	4.0	3.0	0.0	-3.041381261385454	0.0821994942708418
2.0	4.0	3.0	1.0	-3.2577017651113582	0.13966933153184194
2.0	4.0	3.0	2.0	-3.8027756377309183	0.23763056100624638
2.0	4.0	3.0	3.0	-4.526082587840249	0.3136167029728971
2.0	4.5	0.0	0.0	-0.4998766054240138	0.4998766054240138
2.0	4.5	0.0	1.0	-1.4999999086201257	0.4999999695400419
2.0	4.5	0.0	2.0	-2.499999999988722	0.49999999999624095
2.0	4.5	0.0	3.0	-3.499999999999998	0.49999999999999956
2.0	4.5	1.0	0.0	-1.1156691040311304	0.22466372053876008
2.0	4.5	1.0	1.0	-1.746979188018615	0.39242559734582383
2.0	4.5	1.0	2.0	-2.664247938449133	0.4488827710107137
2.0	4.5	1.0	3.0	-3.6236996191578883	0.47031730552571055
2.0	4.5	2.0	0.0	-2.0615515823125183	0.12126811083655085
2.0	4.5	2.0	1.0	-2.4032119125753	0.2289159052494279
2.0	4.5	2.0	2.0	-3.1261980685251176	0.3385502490497945
2.0	4.5	2.0	3.0	-3.9795181882659354	0.39739007012787575
2.0	4.5	3.0	0.0	-3.041381264852781	0.0821994937013783
2.0	4.5	3.0	1.0	-3.2577017654312685	0.13966933150248065
2.0	4.5	3.0	2.0	-3.8027756377319655	0.2376305610062562
2.0	4.5	3.0	3.0	-4.52608258784025	0.3136167029728972
2.0	5.0	0.0	0.0	-0.49995460213129755	0.49995460213129755
2.0	5.0	0.0	1.0	-1.4999999876330783	0.4999999958776928
2.0	5.0	0.0	2.0	-2.4999999999994387	0.49999999999981287
2.0	5.0	0.0	3.0	-3.5	0.5
2.0	5.0	1.0	0.0	-1.1167573188098174	0.2241776059162486
2.0	5.0	1.0	1.0	-1.746979527458983	0.3924256466802102
2.0	5.0	1.0	2.0	-2.6642479384596385	0.44888277101318674
2.0	5.0	1.0	3.0	-3.6236996191578896	0.4703173055257108
2.0	5.0	2.0	0.0	-2.061552554671241	0.12126787511640352
2.0	5.0	2.0	1.0	-2.403211924274666	0.22891590475853507
2.0	5.0	2.0	2.0	-3.1261980685271973	0.33855024904999453
2.0	5.0	2.0	3.0	-3.9795181882659354	0.39739007012787586
2.0	5.0	3.0	0.0	-3.041381265125774	0.08219949365651463
2.0	5.0	3.0	1.0	-3.257701765449636	0.13966933150079194
2.0	5.0	3.0	2.0	-3.802775637731994	0.23763056100625654
2.0	5.0	3.0	3.0	-4.52608258784025	0.3136167029728971
3.0	0.5	0.0	0.0	-0.30807810484000653	0.0
3.0	0.5	0.0	1.0	-1.123683253023428	-0.1674680801253047
3.0	0.5	0.0	2.0	-2.391445982612165	-0.2627146158429783
3.0	0.5	0.0	3.0	-3.5412102630611053	-0.30560413320660534
3.0	0.5	1.0	0.0	-0.693090496744149	1.0177044392397268e-16
3.0	0.5	1.0	1.0	-1.394331753640494	-0.14184137800017113
3.0	0.5	1.0	2.0	-2.5617154008645833	-0.23563334916657752
3.0	0.5	1.0	3.0	-3.664433370108423	-0.28419367155846315
3.0	0.5	2.0	0.0	-1.6375384776534316	1.942890293094024e-16
3.0	0.5	2.0	1.0	-2.112874084485913	-0.09193359136111083
3.0	0.5	2.0	2.0	-3.041455258483565	-0.17490430685821654
3.0	0.5	2.0	3.0	-4.019200115802264	-0.23169495430216128
3.0	0.5	3.0	0.0	-2.770680078704121	1.3877787807814457e-16
3.0	0.5	3.0	1.0	-3.0667426721186715	-0.05273146826765446
3.0	0.5	3.0	2.0	-3.746951703586909	-0.11543606402864127
3.0	0.5	3.0	3.0	-4.565273762659797	-0.17168694731967946
3.0	1.0	0.0	0.0	-0.5077294373038433	0.0
3.0	1.0	0.0	1.0	-1.6002157153692844	-0.3068491055039873
3.0	1.0	0.0	2.0	-2.6555651753158758	-0.3298195530899914
3.0	1.0	0.0	3.0	-3.6647191455958468	-0.332856115753885
3.0	1.0	1.0	0.0	-0.9830416931013879	1.6653345369377348e-16
3.0	1.0	1.0	1.0	-1.826521701752143	-0.2339917751135915
3.0	1.0	1.0	2.0	-2.807743051406545	-0.2878872273974707
3.0	1.0	1.0	3.0	-3.7805599765729987	-0.30706322540962194
3.0	1.0	2.0	0.0	-2.0001848087925076	1.4802973661668753e-16
3.0	1.0	2.0	1.0	-2.449017514348123	-0.1198571315366747
3.0	1.0	2.0	2.0	-3.2390486372849967	-0.20007027541448685
3.0	1.0	2.0	3.0	-4.115348950151376	-0.24537805924321335
3.0	1.0	3.0	0.0	-3.0354645410095284	1.0177044392397268e-16
3.0	1.0	3.0	1.0	-3.2895249262908983	-0.05717110186580416
3.0	1.0	3.0	2.0	-3.8830274809846936	-0.12339895021561638
3.0	1.0	3.0	3.0	-4.635024376614049	-0.17772647618298612
3.0	1.5	0.0	0.0	-0.6034321690965777	0.0
3.0	1.5	0.0	1.0	-1.6590943223255084	-0.3298826155854673
3.0	1.5	0.0	2.0	-2.666154611555695	-0.33316472339350245
3.0	1.5	0.0	3.0	-3.6666328709957265	-0.33332493721981865
3.0	1.5	1.0	0.0	-1.0782062446136969	9.251858538542972e-17
3.0	1.5	1.0	1.0	-1.8779036392446804	-0.2471285223194155
3.0	1.5	1.0	2.0	-2.8169465172485695	-0.2902052146579161
3.0	1.5	1.0	3.0	-3.782218200199363	-0.30742119511617283
3.0	1.5	2.0	0.0	-2.065418620971218	1.0177044392397268e-16
3.0	1.5	2.0	1.0	-2.4783549078497358	-0.12191437611977211
3.0	1.5	2.0	2.0	-3.2449245362662342	-0.2008468941423224
3.0	1.5	2.0	3.0	-4.116431991696183	-0.2455399263226652
3.0	1.5	3.0	0.0	-3.053914963560904	2.0354088784794536e-16
3.0	1.5	3.0	1.0	-3.299647933987418	-0.057171942290882544
3.0	1.5	3.0	2.0	-3.8856354229031123	-0.12352036534301768
3.0	1.5	3.0	3.0	-4.635558945092021	-0.1777709325336944
3.0	2.0	0.0	0.0	-0.6426850533838779	0.0
3.0	2.0	0.0	1.0	-1.6657233020845155	-0.332878174161709
3.0	2.0	0.0	2.0	-2.6666417759891923	-0.33332506610413454
3.0	2.0	0.0	3.0	-3.6666660596021714	-0.3333331819123655
3.0	2.0	1.0	0.0	-1.1153248933442044	1.1102230246251565e-16
3.0	2.0	1.0	1.0	-1.8838001542160283	-0.2486954545065607
3.0	2.0	1.0	2.0	-2.8173293265086716	-0.2903048791295037
3.0	2.0	1.0	3.0	-3.7822443662079532	-0.30742692569890323
3.0	2.0	2.0	0.0	-2.079063943596575	1.295260195396016e-16
3.0	2.0	2.0	1.0	-2.4811241110353834	-0.12206179153888462
3.0	2.0	2.0	2.0	-3.2451131402130726	-0.20087108086010871
3.0	2.0	2.0	3.0	-4.116445157819176	-0.24554190053853978
3.0	2.0	3.0	0.0	-3.055400123140185	9.251858538542972e-17
3.0	2.0	3.0	1.0	-3.3001687178327224	-0.057164452720095404
3.0	2.0	3.0	2.0	-3.885690055683894	-0.12352228645579343
3.0	2.0	3.0	3.0	-4.6355633346102865	-0.1777712777859082
3.0	2.5	0.0	0.0	-0.6577428654342868	0.0
3.0	2.5	0.0	1.0	-1.6665431588381996	-0.3332723978315112
3.0	2.5	0.0	2.0	-2.6666654374683945	-0.3333329240896591
3.0	2.5	0.0	3.0	-3.6666666556275485	-0.3333333305758699
3.0	2.5	1.0	0.0	-1.1339496932334607	9.251858538542972e-17
3.0	2.5	1.0	1.0	-1.8845203488328226	-0.2488870363359554
3.0	2.5	1.0	2.0	-2.8173460218535737	-0.2903092692064536
3.0	2.5	1.0	3.0	-3.782244793762796	-0.30742701981443427
3.0	2.5	2.0	0.0	-2.082226149665117	2.220446049250313e-16
3.0	2.5	2.0	1.0	-2.481407027884795	-0.12207323344596736
3.0	2.5	2.0	2.0	-3.2451194552028597	-0.20087186444443272
3.0	2.5	2.0	3.0	-4.116445323361227	-0.24554192533325128
3.0	2.5	3.0	0.0	-3.055531654733276	2.7755575615628914e-17
3.0	2.5	3.0	1.0	-3.3001979360381775	-0.05716376783155099
3.0	2.5	3.0	2.0	-3.885691267980812	-0.12352231811762432
3.0	2.5	3.0	3.0	-4.6355633720523235	-0.17777128058441202
3.0	3.0	0.0	0.0	-0.6633698357911536	0.0
3.0	3.0	0.0	1.0	-1.6666501603637256	-0.33332512084497506
3.0	3.0	0.0	2.0	-2.6666666056454535	-0.3333333130015266
3.0	3.0	0.0	3.0	-3.666666666465014	-0.33333333328293585
3.0	3.0	1.0	0.0	-1.1449494178907609	-1.850371707708594e-17
3.0	3.0	1.0	1.0	-1.8846116267877708	-0.24891109484361074
3.0	3.0	1.0	2.0	-2.8173467635060265	-0.2903094649534226
3.0	3.0	1.0	3.0	-3.7822448008480904	-0.3074270213772661
3.0	3.0	2.0	0.0	-2.082998107131458	8.326672684688674e-17
3.0	3.0	2.0	1.0	-2.481437358523682	-0.12207418850749795
3.0	3.0	2.0	2.0	-3.245119671606749	-0.2008718904589338
3.0	3.0	2.0	3.0	-4.116445325477634	-0.24554192564934632
3.0	3.0	3.0	0.0	-3.0555438558016257	2.1279274638648835e-16
3.0	3.0	3.0	1.0	-3.3001996544893593	-0.05716371841219636
3.0	3.0	3.0	2.0	-3.885691295858901	-0.1235223186506838
3.0	3.0	3.0	3.0	-4.635563372378828	-0.17777128060769717
3.0	3.5	0.0	0.0	-0.6654519317407991	0.0
3.0	3.5	0.0	1.0	-1.6666644431925615	-0.33333222361921533
3.0	3.5	0.0	2.0	-2.6666666636317946	-0.33333333232186435
3.0	3.5	0.0	3.0	-3.6666666666629766	-0.33333333333241094
3.0	3.5	1.0	0.0	-1.151910718920778	-3.3306690738754696e-16
3.0	3.5	1.0	1.0	-1.8846234338745855	-0.24891416923000198
3.0	3.5	1.0	2.0	-2.8173467967162806	-0.29030947373037586
3.0	3.5	1.0	3.0	-3.7822448009661884	-0.30742702140333616
3.0	3.5	2.0	0.0	-2.0831913033545915	1.1102230246251565e-16
3.0	3.5	2.0	1.0	-2.481440706035293	-0.12207427360455064
3.0	3.5	2.0	2.0	-3.245119679126958	-0.20087189133610653
3.0	3.5	2.0	3.0	-4.116445325504917	-0.24554192565340724
3.0	3.5	3.0	0.0	-3.0555450118928564	1.942890293094024e-16
3.0	3.5	3.0	1.0	-3.3001997581273272	-0.057163715117757176
3.0	3.5	3.0	2.0	-3.885691296514953	-0.12352231865972017
3.0	3.5	3.0	3.0	-4.6355633723817125	-0.17777128060789393
3.0	4.0	0.0	0.0	-0.666219533159378	0.0
3.0	4.0	0.0	1.0	-1.6666663662708905	-0.3333331832361324
3.0	4.0	0.0	2.0	-2.6666666665156273	-0.3333333332829897
3.0	4.0	0.0	3.0	-3.666666666666599	-0.33333333333331644
3.0	4.0	1.0	0.0	-1.156412094510771	3.700743415417188e-17
3.0	4.0	1.0	1.0	-1.8846249801393675	-0.24891456669006126
3.0	4.0	1.0	2.0	-2.8173467982087583	-0.29030947412492697
3.0	4.0	1.0	3.0	-3.782244800968162	-0.3074270214037719
3.0	4.0	2.0	0.0	-2.0832402220177713	1.1102230246251565e-16
3.0	4.0	2.0	1.0	-2.4814410821534594	-0.12207428164878044
3.0	4.0	2.0	2.0	-3.245119679390697	-0.20087189136600223
3.0	4.0	2.0	3.0	-4.11644532550527	-0.2455419256534587
3.0	4.0	3.0	0.0	-3.0555451225101797	8.326672684688674e-17
3.0	4.0	3.0	1.0	-3.300199764462423	-0.05716371490558573
3.0	4.0	3.0	2.0	-3.8856912965306356	-0.12352231865987136
3.0	4.0	3.0	3.0	-4.635563372381738	-0.17777128060789602
3.0	4.5	0.0	0.0	-0.6665021405653516	0.0
3.0	4.5	0.0	1.0	-1.6666666260383518	-0.3333333130241883
3.0	4.5	0.0	2.0	-2.666666666659148	-0.33333333333082715
3.0	4.5	0.0	3.0	-3.6666666666666656	-0.333333333333333
3.0	4.5	1.0	0.0	-1.159333542236326	1.1102230246251565e-16
3.0	4.5	1.0	1.0	-1.8846251843241246	-0.24891461850620236
3.0	4.5	1.0	2.0	-2.817346798275942	-0.29030947414268415
3.0	4.5	1.0	3.0	-3.782244800968194	-0.30742702140377887
3.0	4.5	2.0	0.0	-2.0832526762877848	8.326672684688674e-17
3.0	4.5	2.0	1.0	-2.4814411248886645	-0.12207428244960798
3.0	4.5	2.0	2.0	-3.245119679400007	-0.20087189136702924
3.0	4.5	2.0	3.0	-4.116445325505275	-0.24554192565346034
3.0	4.5	3.0	0.0	-3.055545133142323	1.1102230246251565e-16
3.0	4.5	3.0	1.0	-3.3001997648525165	-0.05716371489214986
3.0	4.5	3.0	2.0	-3.8856912965310144	-0.12352231865987447
3.0	4.5	3.0	3.0	-4.635563372381739	-0.17777128060789593
3.0	5.0	0.0	0.0	-0.6666061361750634	0.0
3.0	5.0	0.0	1.0	-1.6666666611695085	-0.33333333058500375
3.0	5.0	0.0	2.0	-2.666666666666292	-0.3333333333332085
3.0	5.0	0.0	3.0	-3.6666666666666665	-0.3333333333333333
3.0	5.0	1.0	0.0	-1.1612263065128154	5.551115123125783e-17
3.0	5.0	1.0	1.0	-1.8846252114508344	-0.2489146253055585
3.0	5.0	1.0	2.0	-2.8173467982789684	-0.29030947414348396
3.0	5.0	1.0	3.0	-3.7822448009681953	-0.30742702140377925
3.0	5.0	2.0	0.0	-2.0832558551109055	2.220446049250313e-16
3.0	5.0	2.0	1.0	-2.4814411297788417	-0.12207428253281687
3.0	5.0	2.0	2.0	-3.245119679400337	-0.20087189136706482
3.0	5.0	2.0	3.0	-4.116445325505275	-0.24554192565346025
3.0	5.0	3.0	0.0	-3.0555451341664175	4.625929269271486e-17
3.0	5.0	3.0	1.0	-3.300199764876634	-0.05716371489130621
3.0	5.0	3.0	2.0	-3.8856912965310233	-0.12352231865987388
3.0	5.0	3.0	3.0	-4.635563372381739	-0.17777128060789585
4.0	0.5	0.0	0.0	-0.3465878679450073	0.053388066758518135
4.0	0.5	0.0	1.0	-1.233785410356151	0.11767646090690259
4.0	0.5	0.0	2.0	-2.5015917242820285	0.19017899867864355
4.0	0.5	0.0	3.0	-3.6381227130719833	0.22614796985556063
4.0	0.5	1.0	0.0	-0.7227366085157808	0.04073417850918998
4.0	0.5	1.0	1.0	-1.4858449205066235	0.09530984883411019
4.0	0.5	1.0	2.0	-2.6619666474698405	0.1658700625251846
4.0	0.5	1.0	3.0	-3.756095375703811	0.20636684630578023
4.0	0.5	2.0	0.0	-1.6527673261407585	0.020893616947301075
4.0	0.5	2.0	1.0	-2.1680124107199754	0.05474894736085674
4.0	0.5	2.0	2.0	-3.1178408839258767	0.11373184169579534
4.0	0.5	2.0	3.0	-4.097266061897667	0.15934259037664078
4.0	0.5	3.0	0.0	-2.7779915998314864	0.009598851370522073
4.0	0.5	3.0	1.0	-3.095069925967483	0.026770663541641156
4.0	0.5	3.0	2.0	-3.798124215478802	0.06679369063667723
4.0	0.5	3.0	3.0	-4.626455373280187	0.10867492658537857
4.0	1.0	0.0	0.0	-0.5711956169668236	0.14500641459649352
4.0	1.0	0.0	1.0	-1.6972413753300777	0.2298024145279502
4.0	1.0	0.0	2.0	-2.7409966719328875	0.24720089450987925
4.0	1.0	0.0	3.0	-3.7484254702680126	0.2496194257271771
4.0	1.0	1.0	0.0	-1.0166840683074345	0.07266507420470673
4.0	1.0	1.0	1.0	-1.907862225728211	0.1660975117531079
4.0	1.0	1.0	2.0	-2.8862458340567136	0.20922741238054668
4.0	1.0	1.0	3.0	-3.8601874457229193	0.2257647923113076
4.0	1.0	2.0	0.0	-2.0102922156698386	0.019706740417287927
4.0	1.0	2.0	1.0	-2.4956033698779403	0.0731900134070134
4.0	1.0	2.0	2.0	-3.300686174257889	0.13324110292248575
4.0	1.0	2.0	3.0	-4.184362172303574	0.1704431370080944
4.0	1.0	3.0	0.0	-3.0418410489838417	0.0074713606737499445
4.0	1.0	3.0	1.0	-3.313169195318012	0.028735344066515955
4.0	1.0	3.0	2.0	-3.9264200916155256	0.07233985427119066
4.0	1.0	3.0	3.0	-4.690625051137769	0.11324548534844794
4.0	1.5	0.0	0.0	-0.6788611902336499	0.20482334026908788
4.0	1.5	0.0	1.0	-1.7442689594763114	0.24740561315656626
4.0	1.5	0.0	2.0	-2.7496036647276965	0.24987047883112223
4.0	1.5	0.0	3.0	-3.749973888348165	0.2499935499684451
4.0	1.5	1.0	0.0	-1.1097100731684149	0.07819658065952342
4.0	1.5	1.0	1.0	-1.950021145167381	0.1755485549382674
4.0	1.5	1.0	2.0	-2.893775090026942	0.21103178538233497
4.0	1.5	1.0	3.0	-3.8615365068083545	0.22604622831603655
4.0	1.5	2.0	0.0	-2.0752125431003847	0.017240791891902266
4.0	1.5	2.0	1.0	-2.5215529935055585	0.07443980433824515
4.0	1.5	2.0	2.0	-3.3055998899406918	0.1338052927069884
4.0	1.5	2.0	3.0	-4.185256243880917	0.17056498297274333
4.0	1.5	3.0	0.0	-3.06084932130688	0.007083145319433954
4.0	1.5	3.0	1.0	-3.322795830785847	0.028685257067689207
4.0	1.5	3.0	2.0	-3.928701976276789	0.07241947355733651
4.0	1.5	3.0	3.0	-4.69107757289927	0.11327686284181422
4.0	2.0	0.0	0.0	-0.7230206850568623	0.23233729378670887
4.0	2.0	0.0	1.0	-1.749291556635108	0.24965851626103522
4.0	2.0	0.0	2.0	-2.7499811069166307	0.24999374333008695
4.0	2.0	0.0	3.0	-3.749999539548695	0.2499998854036979
4.0	2.0	1.0	0.0	-1.1438732514120735	0.07658479711426586
4.0	2.0	1.0	1.0	-1.9544044384725296	0.1766175060485386
4.0	2.0	1.0	2.0	-2.8940724798276665	0.21110627261498535
4.0	2.0	1.0	3.0	-3.8615568053606784	0.22605055888362297
4.0	2.0	2.0	0.0	-2.08941000424529	0.01637808597349355
4.0	2.0	2.0	1.0	-2.52380773724399	0.074518919633547
4.0	2.0	2.0	2.0	-3.3057472410463267	0.13382201624753065
4.0	2.0	2.0	3.0	-4.185266541353073	0.17056640455517608
4.0	2.0	3.0	0.0	-3.062468928781146	0.007037668984414644
4.0	2.0	3.0	1.0	-3.323283117559487	0.028677388801254464
4.0	2.0	3.0	2.0	-3.9287469294055954	0.07242067177342715
4.0	2.0	3.0	3.0	-4.691081074470669	0.11327709578851593
4.0	2.5	0.0	0.0	-0.7399607236135729	0.2433519433292099
4.0	2.5	0.0	1.0	-1.7499073525028404	0.2499542962991621
4.0	2.5	0.0	2.0	-2.7499990739789846	0.24999969203671493
4.0	2.5	0.0	3.0	-3.7499999916859417	0.24999999792495844
4.0	2.5	1.0	0.0	-1.1599019006045368	0.0738973483022327
4.0	2.5	1.0	1.0	-1.9549045729068317	0.17674299825286716
4.0	2.5	1.0	2.0	-2.8940851250085675	0.21110949029467208
4.0	2.5	1.0	3.0	-3.861557130166125	0.22605062880568583
4.0	2.5	2.0	0.0	-2.0929214087959336	0.016117751905491317
4.0	2.5	2.0	1.0	-2.5240200061376363	0.07452409732431947
4.0	2.5	2.0	2.0	-3.3057519236059987	0.13382254071064145
4.0	2.5	2.0	3.0	-4.1852666669252105	0.1705664220019014
4.0	2.5	3.0	0.0	-3.0626228754883167	0.0070326726816710775
4.0	2.5	3.0	1.0	-3.3233101530504	0.028676748572179625
4.0	2.5	3.0	2.0	-3.9287478701296163	0.07242069073687044
4.0	2.5	3.0	3.0	-4.691081103012585	0.11327709762742788
4.0	3.0	0.0	0.0	-0.7462910652650478	0.24753349070863995
4.0	3.0	0.0	1.0	-1.7499876199698532	0.24999384059588775
4.0	3.0	0.0	2.0	-2.7499999541585876	0.24999998473226936
4.0	3.0	0.0	3.0	-3.749999999848527	0.2499999999621551
4.0	3.0	1.0	0.0	-1.1691464382033885	0.07145798521054446
4.0	3.0	1.0	1.0	-1.9549643669647057	0.17675816871255243
4.0	3.0	1.0	2.0	-2.894085679870346	0.211109632438268
4.0	3.0	1.0	3.0	-3.8615571355017804	0.22605062995863562
4.0	3.0	2.0	0.0	-2.093848270056174	0.016042051699168444
4.0	3.0	2.0	1.0	-2.5240409289886796	0.07452443330602987
4.0	3.0	2.0	2.0	-3.3057520771044864	0.13382255770769524
4.0	3.0	2.0	3.0	-4.185266668501788	0.17056642222161672
4.0	3.0	3.0	0.0	-3.062638362233953	0.007032132221668194
4.0	3.0	3.0	1.0	-3.3233117322734342	0.028676703094134913
4.0	3.0	3.0	2.0	-3.928747890510308	0.07242069104211954
4.0	3.0	3.0	3.0	-4.691081103252093	0.11327709764247484
4.0	3.5	0.0	0.0	-0.7486334232083991	0.24908977881987815
4.0	3.5	0.0	1.0	-1.749998332388883	0.24999916771371944
4.0	3.5	0.0	2.0	-2.749999997722463	0.24999999924105254
4.0	3.5	0.0	3.0	-3.749999999997231	0.24999999999930794
4.0	3.5	1.0	0.0	-1.1751818205361821	0.06950197254849168
4.0	3.5	1.0	1.0	-1.9549716826970105	0.17676003275310806
4.0	3.5	1.0	2.0	-2.8940857045552097	0.2111096387805764
4.0	3.5	1.0	3.0	-3.861557135590388	0.22605062997781183
4.0	3.5	2.0	0.0	-2.0941015035589627	0.016020305184834903
4.0	3.5	2.0	1.0	-2.5240430487815164	0.0745244534217296
4.0	3.5	2.0	2.0	-3.3057520822217654	0.1338225582686241
4.0	3.5	2.0	3.0	-4.185266668521867	0.1705664222244186
4.0	3.5	3.0	0.0	-3.06263996670912	0.00703207401547851
4.0	3.5	3.0	1.0	-3.3233118273230353	0.028676700024197227
4.0	3.5	3.0	2.0	-3.928747890961045	0.07242069104694415
4.0	3.5	3.0	3.0	-4.691081103254135	0.11327709764260045
4.0	4.0	0.0	0.0	-0.7494969748043002	0.24966476232924348
4.0	4.0	0.0	1.0	-1.7499997747030664	0.2499998874270866
4.0	4.0	0.0	2.0	-2.749999999886695	0.24999999996223599
4.0	4.0	0.0	3.0	-3.7499999999999494	0.24999999999998734
4.0	4.0	1.0	0.0	-1.179361874620482	0.06800895145386018
4.0	4.0	1.0	1.0	-1.954972588545908	0.17676026382592108
4.0	4.0	1.0	2.0	-2.8940857056600318	0.2111096390647992
4.0	4.0	1.0	3.0	-3.8615571355918665	0.2260506299781319
4.0	4.0	2.0	0.0	-2.0941719981651867	0.01601408617752777
4.0	4.0	2.0	1.0	-2.524043267391025	0.07452445434554011
4.0	4.0	2.0	2.0	-3.305752082393933	0.1338225582873205
4.0	4.0	2.0	3.0	-4.185266668522124	0.17056642222445445
4.0	4.0	3.0	0.0	-3.0626401355941777	0.0070320677559028676
4.0	4.0	3.0	1.0	-3.3233118331502545	0.028676699821947003
4.0	4.0	3.0	2.0	-3.9287478909711444	0.07242069104701578
4.0	4.0	3.0	3.0	-4.691081103254152	0.11327709764260144
4.0	4.5	0.0	0.0	-0.7498149081360204	0.2498766206502351
4.0	4.5	0.0	1.0	-1.7499999695287618	0.24999998476814095
4.0	4.5	0.0	2.0	-2.7499999999943605	0.24999999999812023
4.0	4.5	0.0	3.0	-3.7499999999999987	0.24999999999999975
4.0	4.5	1.0	0.0	-1.1823263066194067	0.06689907330325434
4.0	4.5	1.0	1.0	-1.9549727014329137	0.17676029260971887
4.0	4.5	1.0	2.0	-2.8940857057096094	0.21110963907756036
4.0	4.5	1.0	3.0	-3.861557135591891	0.22605062997813724
4.0	4.5	2.0	0.0	-2.094191825910324	0.016012311008231923
4.0	4.5	2.0	1.0	-2.5240432902147365	0.07452445434468305
4.0	4.5	2.0	2.0	-3.305752082399755	0.1338225582879473
4.0	4.5	2.0	3.0	-4.185266668522128	0.1705664222244549
4.0	4.5	3.0	0.0	-3.06264015352784	0.007032067083117821
4.0	4.5	3.0	1.0	-3.32331183351177	0.028676699808799222
4.0	4.5	3.0	2.0	-3.9287478909713736	0.07242069104701668
4.0	4.5	3.0	3.0	-4.691081103254152	0.1132770976426016
4.0	5.0	0.0	0.0	-0.7499319031969465	0.24995460419226403
4.0	5.0	0.0	1.0	-1.749999995877131	0.24999999793875277
4.0	5.0	0.0	2.0	-2.7499999999997193	0.2499999999999064
4.0	5.0	0.0	3.0	-3.75	0.25
4.0	5.0	1.0	0.0	-1.184444434322695	0.06608738726102956
4.0	5.0	1.0	1.0	-1.9549727155507612	0.17676029620493794
4.0	5.0	1.0	2.0	-2.894085705711837	0.21110963907813396
4.0	5.0	1.0	3.0	-3.861557135591892	0.22605062997813738
4.0	5.0	2.0	0.0	-2.094197434860433	0.016011804732846413
4.0	5.0	2.0	1.0	-2.524043292619228	0.07452445433625299
4.0	5.0	2.0	2.0	-3.305752082399952	0.13382255828796846
4.0	5.0	2.0	3.0	-4.185266668522128	0.17056642222445476
4.0	5.0	3.0	0.0	-3.062640155441665	0.007032067010824414
4.0	5.0	3.0	1.0	-3.323311833534375	0.028676699807951178
4.0	5.0	3.0	2.0	-3.9287478909713776	0.07242069104701637
4.0	5.0	3.0	3.0	-4.691081103254152	0.1132770976426016
5.0	0.5	0.0	0.0	-0.36969372580800774	0.0
5.0	0.5	0.0	1.0	-1.30174454230785	-0.08361322054609419
5.0	0.5	0.0	2.0	-2.5672525266834567	-0.14660791019707703
5.0	0.5	0.0	3.0	-3.696192750160897	-0.17849349747623727
5.0	0.5	1.0	0.0	-0.7405244224657537	-2.7755575615628915e-18
5.0	0.5	1.0	1.0	-1.542489053003656	-0.06471374447388437
5.0	0.5	1.0	2.0	-2.721787612874851	-0.12433037546455608
5.0	0.5	1.0	3.0	-3.811008747266217	-0.15982876666878923
5.0	0.5	2.0	0.0	-1.6619058772494366	-8.326672684688674e-18
5.0	0.5	2.0	1.0	-2.202241232746266	-0.032810591316431846
5.0	0.5	2.0	2.0	-3.163603849586263	-0.07872328791935132
5.0	0.5	2.0	3.0	-4.14403467921645	-0.1168715663145935
5.0	0.5	3.0	0.0	-2.782379474599226	-6.938893903907228e-17
5.0	0.5	3.0	1.0	-3.1125756432341527	-0.013515177159260589
5.0	0.5	3.0	2.0	-3.8289553496208804	-0.04111118520468389
5.0	0.5	3.0	3.0	-4.663153277780971	-0.07335489260206837
5.0	1.0	0.0	0.0	-0.6092753247646119	0.0
5.0	1.0	0.0	1.0	-1.754443261609858	-0.18289756592694723
5.0	1.0	0.0	2.0	-2.7922462880140695	-0.19762803520423072
5.0	1.0	0.0	3.0	-3.798649227605947	-0.19967740897448388
5.0	1.0	1.0	0.0	-1.036930854419772	-1.6653345369377347e-17
5.0	1.0	1.0	1.0	-1.9559435941739571	-0.12511025700214304
5.0	1.0	1.0	2.0	-2.9333228242148848	-0.16218926172080153
5.0	1.0	1.0	3.0	-3.9079636393133677	-0.17705675654274666
5.0	1.0	2.0	0.0	-2.0163870346358257	-3.3306690738754695e-17
5.0	1.0	2.0	1.0	-2.5239702510916993	-0.04713191485836218
5.0	1.0	2.0	2.0	-3.3376981882294197	-0.0946072700873814
5.0	1.0	2.0	3.0	-4.225778442396251	-0.1262791645493353
5.0	1.0	3.0	0.0	-3.045668663455541	-8.881784197001253e-17
5.0	1.0	3.0	1.0	-3.327708221476784	-0.014972526412945586
5.0	1.0	3.0	2.0	-3.952595524538178	-0.04517642131132582
5.0	1.0	3.0	3.0	-4.724025393852533	-0.07695506055599691
5.0	1.5	0.0	0.0	-0.7241186029158931	0.0
5.0	1.5	0.0	1.0	-1.795264530083783	-0.197875392775156
5.0	1.5	0.0	2.0	-2.7996730646582035	-0.19989392665335395
5.0	1.5	0.0	3.0	-3.799978498753629	-0.19999471761702042
5.0	1.5	1.0	0.0	-1.1291348221162996	7.216449660063518e-17
5.0	1.5	1.0	1.0	-1.9931359554524044	-0.13284095723596526
5.0	1.5	1.0	2.0	-2.9398745359952394	-0.16368539249068786
5.0	1.5	1.0	3.0	-3.9091278340236997	-0.17729186237995
5.0	1.5	2.0	0.0	-2.0811162428333794	-8.326672684688674e-18
5.0	1.5	2.0	1.0	-2.547949679680369	-0.048087777618215706
5.0	1.5	2.0	2.0	-3.342074033461614	-0.09504509651190647
5.0	1.5	2.0	3.0	-4.226561735182473	-0.12637660654778002
5.0	1.5	3.0	0.0	-3.0650101187200423	-2.3592239273284576e-17
5.0	1.5	3.0	1.0	-3.337023424261159	-0.014953782183178471
5.0	1.5	3.0	2.0	-3.9546950440047297	-0.04523243850753476
5.0	1.5	3.0	3.0	-4.724430916457841	-0.07697850980478527
5.0	2.0	0.0	0.0	-0.7712220640606533	0.0
5.0	2.0	0.0	1.0	-1.7994258554714633	-0.19972435702093344
5.0	2.0	0.0	2.0	-2.799984705386481	-0.19999494965112624
5.0	2.0	0.0	3.0	-3.799999627516608	-0.19999990749849728
5.0	2.0	1.0	0.0	-1.1622328055406541	-2.2204460492503132e-17
5.0	2.0	1.0	1.0	-1.9968066013506718	-0.13367987420942834
5.0	2.0	1.0	2.0	-2.9401219705054484	-0.1637449381096394
5.0	2.0	1.0	3.0	-3.9091446255244193	-0.17729535259814694
5.0	2.0	2.0	0.0	-2.095626580953514	-4.4408920985006264e-17
5.0	2.0	2.0	1.0	-2.5499405295795525	-0.04814786391335725
5.0	2.0	2.0	2.0	-3.342199607309002	-0.09505759402407815
5.0	2.0	2.0	3.0	-4.226570374818065	-0.12637770126088263
5.0	2.0	3.0	0.0	-3.0667104625885373	-8.604228440844963e-17
5.0	2.0	3.0	1.0	-3.337489748166888	-0.014949647251903703
5.0	2.0	3.0	2.0	-3.954734990543885	-0.04523325456616587
5.0	2.0	3.0	3.0	-4.724433929782132	-0.07697867751854068
5.0	2.5	0.0	0.0	-0.7892914385211443	0.0
5.0	2.5	0.0	1.0	-1.7999255148076199	-0.19996331468962664
5.0	2.5	0.0	2.0	-2.7999992558851168	-0.1999997528049115
5.0	2.5	0.0	3.0	-3.799999993320977	-0.19999999833441157
5.0	2.5	1.0	0.0	-1.1771408501992675	1.1102230246251566e-17
5.0	2.5	1.0	1.0	-1.9972135930962007	-0.133776256601254
5.0	2.5	1.0	2.0	-2.940132260660968	-0.163747466180082
5.0	2.5	1.0	3.0	-3.9091448889788913	-0.17729540805016158
5.0	2.5	2.0	0.0	-2.09934098503941	-1.6653345369377347e-17
5.0	2.5	2.0	1.0	-2.550120465977071	-0.04815189761417869
5.0	2.5	2.0	2.0	-3.3422034850166895	-0.09505797757610177
5.0	2.5	2.0	3.0	-4.226570477671739	-0.12637771443277174
5.0	2.5	3.0	0.0	-3.06687812597411	-3.608224830031759e-17
5.0	2.5	3.0	1.0	-3.337515379995543	-0.014949294213810254
5.0	2.5	3.0	2.0	-3.9547358030135498	-0.045233267291714195
5.0	2.5	3.0	3.0	-4.724433953676632	-0.07697867881421493
5.0	3.0	0.0	0.0	-0.7960438029493847	0.0
5.0	3.0	0.0	1.0	-1.7999900776991566	-0.19999506638479347
5.0	3.0	0.0	2.0	-2.799999963266467	-0.19999998777071495
5.0	3.0	0.0	3.0	-3.7999999998786342	-0.19999999996968665
5.0	3.0	1.0	0.0	-1.1853684782419869	1.0547118733938987e-16
5.0	3.0	1.0	1.0	-1.9972614445072623	-0.1337877786218483
5.0	3.0	1.0	2.0	-2.94013270770457	-0.1637475770202525
5.0	3.0	1.0	3.0	-3.9091448932710122	-0.1772954089584282
5.0	3.0	2.0	0.0	-2.10036182596209	-5.551115123125783e-18
5.0	3.0	2.0	1.0	-2.550137504462636	-0.04815217767653804
5.0	3.0	2.0	2.0	-3.342203609804934	-0.09505798986744504
5.0	3.0	2.0	3.0	-4.226570478947147	-0.12637771459706598
5.0	3.0	3.0	0.0	-3.066895698402876	-2.6367796834847467e-17
5.0	3.0	3.0	1.0	-3.3375168636709303	-0.014949268471966282
5.0	3.0	3.0	2.0	-3.954735820180505	-0.04523326749803268
5.0	3.0	3.0	3.0	-4.724433953873442	-0.07697867882470386
5.0	3.5	0.0	0.0	-0.7985423180889594	0.0
5.0	3.5	0.0	1.0	-1.799998665001194	-0.19999933386767366
5.0	3.5	0.0	2.0	-2.7999999981768644	-0.19999999939256544
5.0	3.5	0.0	3.0	-3.799999999997783	-0.1999999999994461
5.0	3.5	1.0	0.0	-1.1906239773617797	0.0
5.0	3.5	1.0	1.0	-1.9972672392809847	-0.13378918574885387
5.0	3.5	1.0	2.0	-2.9401327275074634	-0.1637475819501032
5.0	3.5	1.0	3.0	-3.909144893342053	-0.17729540897349455
5.0	3.5	2.0	0.0	-2.1006537381605797	-4.4408920985006264e-17
5.0	3.5	2.0	1.0	-2.5501391612590685	-0.048152197032742344
5.0	3.5	2.0	2.0	-3.3422036139140987	-0.09505799027093816
5.0	3.5	2.0	3.0	-4.226570478963289	-0.12637771459915154
5.0	3.5	3.0	0.0	-3.066897603179116	-6.245004513516506e-17
5.0	3.5	3.0	1.0	-3.3375169521902017	-0.014949266697709207
5.0	3.5	3.0	2.0	-3.954735820551336	-0.04523326750141561
5.0	3.5	3.0	3.0	-4.7244339538750975	-0.07697867882479101
5.0	4.0	0.0	0.0	-0.7994634397912536	0.0
5.0	4.0	0.0	1.0	-1.7999998197171514	-0.19999990992656874
5.0	4.0	0.0	2.0	-2.799999999909336	-0.19999999996978374
5.0	4.0	0.0	3.0	-3.7999999999999594	-0.19999999999998988
5.0	4.0	1.0	0.0	-1.194294948661185	-1.6653345369377347e-17
5.0	4.0	1.0	1.0	-1.9972679518468008	-0.13378935953030427
5.0	4.0	1.0	2.0	-2.940132728392155	-0.16374758217073324
5.0	4.0	1.0	3.0	-3.9091448933432362	-0.17729540897374563
5.0	4.0	2.0	0.0	-2.1007391917692835	-4.9960036108132046e-17
5.0	4.0	2.0	1.0	-2.5501393249793827	-0.048152198301043427
5.0	4.0	2.0	2.0	-3.342203614051132	-0.0950579902843595
5.0	4.0	2.0	3.0	-4.226570478963497	-0.12637771459917843
5.0	4.0	3.0	0.0	-3.066897813785652	-8.881784197001253e-17
5.0	4.0	3.0	1.0	-3.3375169575739845	-0.014949266578616605
5.0	4.0	3.0	2.0	-3.9547358205594536	-0.045233267501470484
5.0	4.0	3.0	3.0	-4.724433953875113	-0.07697867882479126
5.0	4.5	0.0	0.0	-0.7998025686784224	0.0
5.0	4.5	0.0	1.0	-1.799999975620754	-0.19999998781376097
5.0	4.5	0.0	2.0	-2.799999999995488	-0.1999999999984961
5.0	4.5	0.0	3.0	-3.7999999999999985	-0.1999999999999998
5.0	4.5	1.0	0.0	-1.196985666322343	3.8857805861880476e-17
5.0	4.5	1.0	1.0	-1.9972680401773844	-0.13378938111945304
5.0	4.5	1.0	2.0	-2.940132728431823	-0.16374758218063365
5.0	4.5	1.0	3.0	-3.9091448933432558	-0.17729540897374982
5.0	4.5	2.0	0.0	-2.1007645692022456	-4.4408920985006264e-17
5.0	4.5	2.0	1.0	-2.5501393413284346	-0.048152198372548805
5.0	4.5	2.0	2.0	-3.3422036140557347	-0.09505799028480932
5.0	4.5	2.0	3.0	-4.2265704789635	-0.12637771459917893
5.0	4.5	3.0	0.0	-3.066897837359315	-4.718447854656915e-17
5.0	4.5	3.0	1.0	-3.3375169579057555	-0.014949266570739911
5.0	4.5	3.0	2.0	-3.954735820559633	-0.04523326750147144
5.0	4.5	3.0	3.0	-4.7244339538751134	-0.07697867882479106
5.0	5.0	0.0	0.0	-0.7999273634100761	0.0
5.0	5.0	0.0	1.0	-1.7999999967015927	-0.19999999835096482
5.0	5.0	0.0	2.0	-2.7999999999997756	-0.19999999999992513
5.0	5.0	0.0	3.0	-3.8	-0.2
5.0	5.0	1.0	0.0	-1.199004437918425	1.6653345369377347e-17
5.0	5.0	1.0	1.0	-1.9972680511739227	-0.13378938380991848
5.0	5.0	1.0	2.0	-2.940132728433605	-0.1637475821810783
5.0	5.0	1.0	3.0	-3.9091448933432567	-0.1772954089737499
5.0	5.0	2.0	0.0	-2.100772173462183	-2.4980018054066023e-17
5.0	5.0	2.0	1.0	-2.550139342973066	-0.04815219837486776
5.0	5.0	2.0	2.0	-3.3422036140558893	-0.0950579902848244
5.0	5.0	2.0	3.0	-4.2265704789635	-0.12637771459917851
5.0	5.0	3.0	0.0	-3.066897840018629	-4.5796699765787705e-17
5.0	5.0	3.0	1.0	-3.3375169579263932	-0.014949266570223501
5.0	5.0	3.0	2.0	-3.9547358205596366	-0.04523326750147122
5.0	5.0	3.0	3.0	-4.724433953875112	-0.07697867882479129
6.0	0.5	0.0	0.0	-0.38509763105000866	0.016447694428036036
6.0	0.5	0.0	1.0	-1.3474340787845511	0.06292979359226812
6.0	0.5	0.0	2.0	-2.610963043932665	0.11774037024766282
6.0	0.5	0.0	3.0	-3.734902257907635	0.14675103299773826
6.0	0.5	1.0	0.0	-0.7523829662333142	0.011025080003967161
6.0	0.5	1.0	1.0	-1.5806158835777893	0.04656859860695034
6.0	0.5	1.0	2.0	-2.7616126432960417	0.09708667474914874
6.0	0.5	1.0	3.0	-3.847612831415244	0.1289432912206717
6.0	0.5	2.0	0.0	-1.6679982699610532	0.004086984499010886
6.0	0.5	2.0	1.0	-2.2253059615989734	0.020889912144078992
6.0	0.5	2.0	2.0	-3.194086878219076	0.05676875956974123
6.0	0.5	2.0	3.0	-4.1752077161537295	0.08929221496396196
6.0	0.5	3.0	0.0	-2.7853047498952512	0.0012759738544436683
6.0	0.5	3.0	1.0	-3.124348677522559	0.007292751188247686
6.0	0.5	3.0	2.0	-3.8495162204086193	0.026365127392345183
6.0	0.5	3.0	3.0	-4.687615443763619	0.051576969832431784
6.0	1.0	0.0	0.0	-0.6346617966298034	0.07362402528852537
6.0	1.0	0.0	1.0	-1.792415511457097	0.1516575463665778
6.0	1.0	0.0	2.0	-2.826412510243589	0.16457953778700696
6.0	1.0	0.0	3.0	-3.8321317323957445	0.16638273251131522
6.0	1.0	1.0	0.0	-1.050432412992251	0.027254889914368877
6.0	1.0	1.0	1.0	-1.987828698362236	0.09817573620061605
6.0	1.0	1.0	2.0	-2.964706421662503	0.1309645912404456
6.0	1.0	1.0	3.0	-3.9398144298459337	0.14464304325489427
6.0	1.0	2.0	0.0	-2.020453169727785	0.003893919168953179
6.0	1.0	2.0	1.0	-2.542915617426774	0.03164854348480501
6.0	1.0	2.0	2.0	-3.3623732576502525	0.06997282010929522
6.0	1.0	2.0	3.0	-4.253389525391198	0.09745675597728458
6.0	1.0	3.0	0.0	-3.048220551803482	0.0008852603336793481
6.0	1.0	3.0	1.0	-3.3374641743622906	0.008185513277320389
6.0	1.0	3.0	2.0	-3.970058894873521	0.02938813777742769
6.0	1.0	3.0	3.0	-4.7462944922373485	0.054472674761359696
6.0	1.5	0.0	0.0	-0.7542902113707233	0.12359699250018219
6.0	1.5	0.0	1.0	-1.8292554285248164	0.16485545613144
6.0	1.5	0.0	2.0	-2.833052664523621	0.1665762252267248
6.0	1.5	0.0	3.0	-3.8333149056906044	0.16666216271613296
6.0	1.5	1.0	0.0	-1.1421614379405807	0.032076481893070226
6.0	1.5	1.0	1.0	-2.021856209404971	0.10470536638776264
6.0	1.5	1.0	2.0	-2.9706075388388533	0.1322514763254077
6.0	1.5	1.0	3.0	-3.9408553886898923	0.14484686469434277
6.0	1.5	2.0	0.0	-2.085056926047366	0.0032199331308234345
6.0	1.5	2.0	1.0	-2.565613434381708	0.03236428740632277
6.0	1.5	2.0	2.0	-3.366394464050501	0.07032421166670576
6.0	1.5	2.0	3.0	-4.254099079395193	0.09753749334712274
6.0	1.5	3.0	0.0	-3.0677840128657325	0.0008138540310829301
6.0	1.5	3.0	1.0	-3.346571375432678	0.008172004275417477
6.0	1.5	3.0	2.0	-3.972039009176921	0.029428510299989188
6.0	1.5	3.0	3.0	-4.74666886060018	0.054490774598581815
6.0	2.0	0.0	0.0	-0.8033563167298464	0.14931970606037667
6.0	2.0	0.0	1.0	-1.8328485851089027	0.16643491892347748
6.0	2.0	0.0	2.0	-2.833320437699682	0.16666242053182753
6.0	2.0	0.0	3.0	-3.833333019495217	0.16666658889503017
6.0	2.0	1.0	0.0	-1.1747706424079862	0.032603768017601155
6.0	2.0	1.0	1.0	-2.0250758468165433	0.10539186314726275
6.0	2.0	1.0	2.0	-2.970821703587663	0.13230102074463804
6.0	2.0	1.0	3.0	-3.940869842306062	0.14484979274533988
6.0	2.0	2.0	0.0	-2.0997734396381866	0.002967661378770634
6.0	2.0	2.0	1.0	-2.5674427889348994	0.03240817164756766
6.0	2.0	2.0	2.0	-3.3665057816511896	0.07033391583080492
6.0	2.0	2.0	3.0	-4.254106616350993	0.09753837025142553
6.0	2.0	3.0	0.0	-3.069538156583096	0.0008048317185116513
6.0	2.0	3.0	1.0	-3.3470240890271477	0.008169279347205132
6.0	2.0	3.0	2.0	-3.972075745239566	0.02942907911045781
6.0	2.0	3.0	3.0	-4.746671551852791	0.054490899852837886
6.0	2.5	0.0	0.0	-0.8221785817928584	0.16006300451435668
6.0	2.5	0.0	1.0	-1.833270953688687	0.16663599362592108
6.0	2.5	0.0	2.0	-2.833332710489206	0.16666645998370924
6.0	2.5	0.0	3.0	-3.8333333277443344	0.166666665274047
6.0	2.5	1.0	0.0	-1.1891966547108768	0.032048008541331684
6.0	2.5	1.0	1.0	-2.0254241564307853	0.1054692683800239
6.0	2.5	1.0	2.0	-2.970830425486167	0.13230308962651635
6.0	2.5	1.0	3.0	-3.9408700648629904	0.14484983854896358
6.0	2.5	2.0	0.0	-2.1036213459206308	0.002883579212366564
6.0	2.5	2.0	1.0	-2.567604205180317	0.03241106663170965
6.0	2.5	2.0	2.0	-3.3665091372636486	0.07033420762010946
6.0	2.5	2.0	3.0	-4.254106704106893	0.09753838060639063
6.0	2.5	3.0	0.0	-3.0697149817924143	0.0008037379281322712
6.0	2.5	3.0	1.0	-3.3470488372786433	0.008169048570388767
6.0	2.5	3.0	2.0	-3.9720764777345523	0.029429087751047422
6.0	2.5	3.0	3.0	-4.74667157270099	0.054490900800141885
6.0	3.0	0.0	0.0	-0.8292122947389421	0.16420625108420148
6.0	3.0	0.0	1.0	-1.833325049468981	0.16666255024412646
6.0	3.0	0.0	2.0	-2.8333333026717207	0.16666665646301201
6.0	3.0	0.0	3.0	-3.833333333232039	0.16666666664137433
6.0	3.0	1.0	0.0	-1.1969216436112342	0.031254764992316546
6.0	3.0	1.0	1.0	-2.0254645565565563	0.10547843296951359
6.0	3.0	1.0	2.0	-2.9708308007444946	0.1323031796664592
6.0	3.0	1.0	3.0	-3.940870068459484	0.14484983929427997
6.0	3.0	2.0	0.0	-2.104704400260223	0.002856248992144488
6.0	3.0	2.0	1.0	-2.5676191716901093	0.03241126674668591
6.0	3.0	2.0	2.0	-3.3665092436244692	0.0703342168636202
6.0	3.0	2.0	3.0	-4.254106705182343	0.09753838073433213
6.0	3.0	3.0	0.0	-3.069733957530408	0.000803606583069798
6.0	3.0	3.0	1.0	-3.3470502622628597	0.008169031745551664
6.0	3.0	3.0	2.0	-3.972076492966616	0.029429087888958313
6.0	3.0	3.0	3.0	-4.746671572870034	0.05449090080771574
6.0	3.5	0.0	0.0	-0.8318149146759982	0.16575727449257635
6.0	3.5	0.0	1.0	-1.8333322200751505	0.16666611130364353
6.0	3.5	0.0	2.0	-2.8333333318131313	0.16666666616024073
6.0	3.5	0.0	3.0	-3.833333333331485	0.16666666666620486
6.0	3.5	1.0	0.0	-1.2017047560148337	0.03045970294004303
6.0	3.5	1.0	1.0	-2.025469414006894	0.10547954690153986
6.0	3.5	1.0	2.0	-2.9708308172976303	0.13230318365861132
6.0	3.5	1.0	3.0	-3.9408700685188136	0.1448498393066105
6.0	3.5	2.0	0.0	-2.1050223362867535	0.002847450935559741
6.0	3.5	2.0	1.0	-2.567620599001456	0.03241128080124655
6.0	3.5	2.0	2.0	-3.366509247094317	0.07033421716521877
6.0	3.5	2.0	3.0	-4.254106705195874	0.09753838073594906
6.0	3.5	3.0	0.0	-3.0697360673286074	0.0008035908533458961
6.0	3.5	3.0	1.0	-3.3470503468164163	0.008169030582321948
6.0	3.5	3.0	2.0	-3.9720764932912993	0.02942908789121823
6.0	3.5	3.0	3.0	-4.746671572871443	0.05449090080777866
6.0	4.0	0.0	0.0	-0.8327744164492222	0.16633154140533582
6.0	4.0	0.0	1.0	-1.8333331830598578	0.16666659159289018
6.0	4.0	0.0	2.0	-2.833333333257763	0.1666666666414822
6.0	4.0	0.0	3.0	-3.8333333333332997	0.16666666666665822
6.0	4.0	1.0	0.0	-1.204984594898608	0.02973759130174214
6.0	4.0	1.0	1.0	-2.0254700090694024	0.10547968415821872
6.0	4.0	1.0	2.0	-2.970830818035821	0.13230318383704123
6.0	4.0	1.0	3.0	-3.9408700685198013	0.14484983930681583
6.0	4.0	2.0	0.0	-2.1051181238515837	0.002844632282722123
6.0	4.0	2.0	1.0	-2.567620737428548	0.032411281771915955
6.0	4.0	2.0	2.0	-3.366509247209367	0.070334217175221
6.0	4.0	2.0	3.0	-4.254106705196047	0.09753838073596958
6.0	4.0	3.0	0.0	-3.0697363070787573	0.0008035889718695308
6.0	4.0	3.0	1.0	-3.3470503519298336	0.008169030503861608
6.0	4.0	3.0	2.0	-3.9720764932983266	0.029429087891255302
6.0	4.0	3.0	3.0	-4.746671572871455	0.05449090080777935
6.0	4.5	0.0	0.0	-0.8331276757066899	0.16654330254061825
6.0	4.5	0.0	1.0	-1.8333333130154152	0.16666665651084095
6.0	4.5	0.0	2.0	-2.833333333329573	0.16666666666541333
6.0	4.5	0.0	3.0	-3.833333333333332	0.1666666666666665
6.0	4.5	1.0	0.0	-1.2073875435387835	0.029111194180917177
6.0	4.5	1.0	1.0	-2.025470082685546	0.10547970119110095
6.0	4.5	1.0	2.0	-2.9708308180688956	0.13230318384504344
6.0	4.5	1.0	3.0	-3.9408700685198172	0.1448498393068192
6.0	4.5	2.0	0.0	-2.1051474742058853	0.0028437317670362977
6.0	4.5	2.0	1.0	-2.5676207509967353	0.03241128183481718
6.0	4.5	2.0	2.0	-3.366509247213217	0.0703342171755555
6.0	4.5	2.0	3.0	-4.254106705196048	0.09753838073596971
6.0	4.5	3.0	0.0	-3.0697363347155857	0.0008035887470106695
6.0	4.5	3.0	1.0	-3.347050352243123	0.008169030498641419
6.0	4.5	3.0	2.0	-3.9720764932984793	0.029429087891255677
6.0	4.5	3.0	3.0	-4.746671572871455	0.05449090080777891
6.0	5.0	0.0	0.0	-0.8332576702188289	0.16662127291977227
6.0	5.0	0.0	1.0	-1.8333333305845672	0.16666666529243948
6.0	5.0	0.0	2.0	-2.833333333333146	0.16666666666660426
6.0	5.0	0.0	3.0	-3.8333333333333335	0.16666666666666666
6.0	5.0	1.0	0.0	-1.209219186084523	0.02858251011126563
6.0	5.0	1.0	1.0	-2.025470091839825	0.10547970331264976
6.0	5.0	1.0	2.0	-2.97083081807038	0.13230318384540293
6.0	5.0	1.0	3.0	-3.940870068519818	0.14484983930681933
6.0	5.0	2.0	0.0	-2.1051565697355983	0.0028434445725669284
6.0	5.0	2.0	1.0	-2.567620752336006	0.03241128183826182
6.0	5.0	2.0	2.0	-3.366509247213346	0.07033421717556715
6.0	5.0	2.0	3.0	-4.254106705196048	0.09753838073596988
6.0	5.0	3.0	0.0	-3.0697363379325853	0.000803588720155287
6.0	5.0	3.0	1.0	-3.3470503522625026	0.00816903049829699
6.0	5.0	3.0	2.0	-3.972076493298483	0.0294290878912558
6.0	5.0	3.0	3.0	-4.746671572871454	0.054490900807779206
7.0	0.5	0.0	0.0	-0.3961004205085798	3.96508223080413e-18
7.0	0.5	0.0	1.0	-1.3801470828970077	-0.048416516026081845
7.0	0.5	0.0	2.0	-2.6421764901754154	-0.09725631076472617
7.0	0.5	0.0	3.0	-3.7625517257771195	-0.12410072838667134
7.0	0.5	1.0	0.0	-0.7608533546472762	2.7755575615628914e-17
7.0	0.5	1.0	1.0	-1.607926922304379	-0.03425081442322446
7.0	0.5	1.0	2.0	-2.790051126587803	-0.07797679844421466
7.0	0.5	1.0	3.0	-3.8737583472114494	-0.10699831225488655
7.0	0.5	2.0	0.0	-1.6723499795425603	-3.3703198961835107e-17
7.0	0.5	2.0	1.0	-2.2418347762545143	-0.013581702882294013
7.0	0.5	2.0	2.0	-3.2158555470348316	-0.04210511496977846
7.0	0.5	2.0	3.0	-4.1974737223060705	-0.0701701753460129
7.0	0.5	3.0	0.0	-2.7873942328997745	-1.2390881971262908e-17
7.0	0.5	3.0	1.0	-3.1327792128790377	-0.004008040740244705
7.0	0.5	3.0	2.0	-3.8642023574043307	-0.017390336937599626
7.0	0.5	3.0	3.0	-4.705088042149219	-0.03730064658300535
7.0	1.0	0.0	0.0	-0.6527949908192273	-1.9825411154020653e-17
7.0	1.0	0.0	1.0	-1.8195144360643174	-0.12933801528600422
7.0	1.0	0.0	2.0	-2.8508169510277654	-0.14097353133902268
7.0	1.0	0.0	3.0	-3.856047807245333	-0.14260082192769943
7.0	1.0	1.0	0.0	-1.060076601058319	7.335402126987641e-17
7.0	1.0	1.0	1.0	-2.0105710972706525	-0.07923187020958987
7.0	1.0	1.0	2.0	-2.987123236004553	-0.1087727532713202
7.0	1.0	1.0	3.0	-3.9625649944352204	-0.12153939031006526
7.0	1.0	2.0	0.0	-2.0233578201913933	-1.784287003861859e-17
7.0	1.0	2.0	1.0	-2.5564469348451113	-0.021848917453136385
7.0	1.0	2.0	2.0	-3.3799982252309464	-0.053231352225914685
7.0	1.0	2.0	3.0	-4.273111734279452	-0.07736181072344313
7.0	1.0	3.0	0.0	-3.0500433403635854	-1.982541115402065e-18
7.0	1.0	3.0	1.0	-3.3444443094685483	-0.004592814265726628
7.0	1.0	3.0	2.0	-3.98253398076094	-0.01966343210636048
7.0	1.0	3.0	3.0	-4.762201116010216	-0.03966014520869709
7.0	1.5	0.0	0.0	-0.7758413602670272	0.0
7.0	1.5	0.0	1.0	-1.8535343106796194	-0.1412697182059088
7.0	1.5	0.0	2.0	-2.856895235855827	-0.1427778670863837
7.0	1.5	0.0	3.0	-3.8571266249313005	-0.14285319492983828
7.0	1.5	1.0	0.0	-1.1514771001957993	5.15460690004537e-17
7.0	1.5	1.0	1.0	-2.0423680619857727	-0.08488605028335669
7.0	1.5	1.0	2.0	-2.9925596843712237	-0.10990705826415878
7.0	1.5	1.0	3.0	-3.9635179277676476	-0.12172053492996049
7.0	1.5	2.0	0.0	-2.0878724922957277	-2.577303450022685e-17
7.0	1.5	2.0	1.0	-2.578239469567143	-0.022398506693694316
7.0	1.5	2.0	2.0	-3.3837664805047227	-0.05351966655542652
7.0	1.5	2.0	3.0	-4.273768622494193	-0.07743029537246977
7.0	1.5	3.0	0.0	-3.0697653698735103	1.486905836551549e-17
7.0	1.5	3.0	1.0	-3.353403308717478	-0.0045847578761239694
7.0	1.5	3.0	2.0	-3.9844291177620073	-0.019693077980603126
7.0	1.5	3.0	3.0	-4.762553244786139	-0.03967441599056531
7.0	2.0	0.0	0.0	-0.8263093543507006	0.0
7.0	2.0	0.0	1.0	-1.85672196073801	-0.14265674830923353
7.0	2.0	0.0	2.0	-2.8571316750662548	-0.14285347116090713
7.0	2.0	0.0	3.0	-3.857142585194223	-0.14285707560683938
7.0	2.0	1.0	0.0	-1.1837954655621967	1.149873846933198e-16
7.0	2.0	1.0	1.0	-2.0452681600640905	-0.08546350020312252
7.0	2.0	1.0	2.0	-2.9927500858683613	-0.10994942365910898
7.0	2.0	1.0	3.0	-3.963530711467962	-0.12172305981850592
7.0	2.0	2.0	0.0	-2.1027360568734914	-8.921435019309294e-18
7.0	2.0	2.0	1.0	-2.5799570802262264	-0.022431558154081734
7.0	2.0	2.0	2.0	-3.3838676370066834	-0.053527399634531084
7.0	2.0	2.0	3.0	-4.273775371922544	-0.07743101690861509
7.0	2.0	3.0	0.0	-3.0715579381628055	-2.4781763942525816e-18
7.0	2.0	3.0	1.0	-3.3538464808070243	-0.004583048562912988
7.0	2.0	3.0	2.0	-3.984463578537169	-0.019693483430018394
7.0	2.0	3.0	3.0	-4.762555706239529	-0.039674511927945764
7.0	2.5	0.0	0.0	-0.8456693984155109	0.0
7.0	2.5	0.0	1.0	-1.8570891242988252	-0.14283076429084282
7.0	2.5	0.0	2.0	-2.857142320920697	-0.1428569651114219
7.0	2.5	0.0	3.0	-3.857142852332447	-0.1428571416595009
7.0	2.5	1.0	0.0	-1.1979870386192126	3.172065784643304e-17
7.0	2.5	1.0	1.0	-2.045574830154631	-0.0855274553601256
7.0	2.5	1.0	2.0	-2.992757687625263	-0.10995116485454182
7.0	2.5	1.0	3.0	-3.9635309048123935	-0.12172309872885977
7.0	2.5	2.0	0.0	-2.106678961064759	-1.3877787807814457e-17
7.0	2.5	2.0	1.0	-2.5801059924175895	-0.022433706327862537
7.0	2.5	2.0	2.0	-3.383870620864658	-0.053527627733897125
7.0	2.5	2.0	3.0	-4.27377544889615	-0.07743102527871897
7.0	2.5	3.0	0.0	-3.0717413081732845	-9.912705577010326e-19
7.0	2.5	3.0	1.0	-3.353870623732804	-0.004582902919362927
7.0	2.5	3.0	2.0	-3.9844642546874556	-0.019693489419259667
7.0	2.5	3.0	3.0	-4.762555724915562	-0.039674512639203456
7.0	3.0	0.0	0.0	-0.852904074588628	0.0
7.0	3.0	0.0	1.0	-1.8571357435901523	-0.14285361014362358
7.0	3.0	0.0	2.0	-2.85714283081833	-0.14285713410036707
7.0	3.0	0.0	3.0	-3.8571428570559	-0.142857142835437
7.0	3.0	1.0	0.0	-1.2054684709142875	7.533656238527848e-17
7.0	3.0	1.0	1.0	-2.045609944977483	-0.08553495651817497
7.0	3.0	1.0	2.0	-2.992758011610524	-0.10995124008537985
7.0	3.0	1.0	3.0	-3.9635309079120105	-0.1217230993579229
7.0	3.0	2.0	0.0	-2.10780628087059	-1.486905836551549e-17
7.0	3.0	2.0	1.0	-2.5801196004837883	-0.022433853681226974
7.0	3.0	2.0	2.0	-3.383870714119108	-0.053527634877862766
7.0	3.0	2.0	3.0	-4.273775449828802	-0.0774310253811854
7.0	3.0	3.0	0.0	-3.071761287458016	1.338215252896394e-17
7.0	3.0	3.0	1.0	-3.3538720095962415	-0.004582892263637435
7.0	3.0	3.0	2.0	-3.9844642685670615	-0.019693489512525728
7.0	3.0	3.0	3.0	-4.762555725064824	-0.03967451264482032
7.0	3.5	0.0	0.0	-0.8555810550953133	0.0
7.0	3.5	0.0	1.0	-1.8571419022708329	-0.14285666661505042
7.0	3.5	0.0	2.0	-2.8571428558390366	-0.1428571424228659
7.0	3.5	0.0	3.0	-3.8571428571412727	-0.14285714285674686
7.0	3.5	1.0	0.0	-1.2099942818440919	7.137148015447435e-17
7.0	3.5	1.0	1.0	-2.045614138153721	-0.08553586398844333
7.0	3.5	1.0	2.0	-2.9927580258425115	-0.10995124341054471
7.0	3.5	1.0	3.0	-3.9635309079629764	-0.12172309936830228
7.0	3.5	2.0	0.0	-2.108142787911367	1.982541115402065e-18
7.0	3.5	2.0	1.0	-2.580120882327025	-0.02243386407051123
7.0	3.5	2.0	2.0	-3.3838707171348146	-0.0535276351094617
7.0	3.5	2.0	3.0	-4.2737754498404685	-0.0774310253824743
7.0	3.5	3.0	0.0	-3.071763544309828	-4.956352788505163e-18
7.0	3.5	3.0	1.0	-3.353872091579851	-0.004582891524599493
7.0	3.5	3.0	2.0	-3.984464268859817	-0.019693489514024498
7.0	3.5	3.0	3.0	-4.762555725066057	-0.03967451264486631
7.0	4.0	0.0	0.0	-0.8565679712049146	0.0
7.0	4.0	0.0	1.0	-1.8571427283046484	-0.1428570784974055
7.0	4.0	0.0	2.0	-2.857142857078068	-0.14285714283555256
7.0	4.0	0.0	3.0	-3.857142857142829	-0.14285714285713563
7.0	4.0	1.0	0.0	-1.213026485511859	1.2688263138573217e-16
7.0	4.0	1.0	1.0	-2.0456146500284063	-0.08553597554815384
7.0	4.0	1.0	2.0	-2.9927580264760647	-0.1099512435589691
7.0	4.0	1.0	3.0	-3.963530907963823	-0.1217230993684753
7.0	4.0	2.0	0.0	-2.108246003654821	-7.93016446160826e-18
7.0	4.0	2.0	1.0	-2.580121005311231	-0.022433864805512637
7.0	4.0	2.0	2.0	-3.3838707172342706	-0.05352763511711552
7.0	4.0	2.0	3.0	-4.273775449840617	-0.07743102538249087
7.0	4.0	3.0	0.0	-3.0717638050881604	-1.982541115402065e-18
7.0	4.0	3.0	1.0	-3.353872096522448	-0.0045828914745897386
7.0	4.0	3.0	2.0	-3.984464268866096	-0.019693489514048857
7.0	4.0	3.0	3.0	-4.762555725066067	-0.03967451264486656
7.0	4.5	0.0	0.0	-0.8569313235840236	0.0
7.0	4.5	0.0	1.0	-1.8571428397258878	-0.14285713415161239
7.0	4.5	0.0	2.0	-2.857142857139634	-0.14285714285606851
7.0	4.5	0.0	3.0	-3.8571428571428563	-0.1428571428571427
7.0	4.5	1.0	0.0	-1.2152140799255435	1.030921380009074e-16
7.0	4.5	1.0	1.0	-2.0456147132388915	-0.08553598937666305
7.0	4.5	1.0	2.0	-2.9927580265044296	-0.10995124356562228
7.0	4.5	1.0	3.0	-3.963530907963837	-0.12172309936847821
7.0	4.5	2.0	0.0	-2.1082782455058	-3.271192840413408e-17
7.0	4.5	2.0	1.0	-2.5801210172491413	-0.022433864856285828
7.0	4.5	2.0	2.0	-3.383870717237588	-0.05352763511737121
7.0	4.5	2.0	3.0	-4.273775449840619	-0.07743102538249101
7.0	4.5	3.0	0.0	-3.071763835685451	3.6677010634938206e-17
7.0	4.5	3.0	1.0	-3.3538720968242908	-0.004582891471250877
7.0	4.5	3.0	2.0	-3.984464268866231	-0.01969348951404906
7.0	4.5	3.0	3.0	-4.762555725066066	-0.03967451264486658
7.0	5.0	0.0	0.0	-0.8570650322250823	0.0
7.0	5.0	0.0	1.0	-1.8571428547866913	-0.1428571416792071
7.0	5.0	0.0	2.0	-2.857142857142697	-0.14285714285708936
7.0	5.0	0.0	3.0	-3.857142857142857	-0.14285714285714285
7.0	5.0	1.0	0.0	-1.216874908366558	7.93016446160826e-18
7.0	5.0	1.0	1.0	-2.0456147210919107	-0.08553599109815349
7.0	5.0	1.0	2.0	-2.9927580265057023	-0.10995124356592102
7.0	5.0	1.0	3.0	-3.9635309079638366	-0.12172309936847817
7.0	5.0	2.0	0.0	-2.1082884458721374	-1.3877787807814457e-17
7.0	5.0	2.0	1.0	-2.5801210184169245	-0.022433864859567505
7.0	5.0	2.0	2.0	-3.383870717237699	-0.053527635117379534
7.0	5.0	2.0	3.0	-4.273775449840619	-0.07743102538249112
7.0	5.0	3.0	0.0	-3.0717638393145066	4.956352788505163e-19
7.0	5.0	3.0	1.0	-3.3538720968428968	-0.004582891471029673
7.0	5.0	3.0	2.0	-3.9844642688662346	-0.01969348951404909
7.0	5.0	3.0	3.0	-4.762555725066066	-0.03967451264486667
8.0	0.5	0.0	0.0	-0.40435251260250826	0.0057005713444239665
8.0	0.5	0.0	1.0	-1.4046973626860966	0.03810266377098252
8.0	0.5	0.0	2.0	-2.6655855326636786	0.08200979342329738
8.0	0.5	0.0	3.0	-3.783288818472528	0.10713277080200292
8.0	0.5	1.0	0.0	-0.7672061459578112	0.003357044204671598
8.0	0.5	1.0	1.0	-1.628426884201806	0.025769902717003343
8.0	0.5	1.0	2.0	-2.8113789247584835	0.06393323931706787
8.0	0.5	1.0	3.0	-3.8933674707200483	0.09063792321056667
8.0	0.5	2.0	0.0	-1.6756137617384879	0.0008993835887563017
8.0	0.5	2.0	1.0	-2.254243505637472	0.009036839276652053
8.0	0.5	2.0	2.0	-3.2321812484914005	0.031879837811127326
8.0	0.5	2.0	3.0	-4.214173195558108	0.05629195918957099
8.0	0.5	3.0	0.0	-2.7889613451694597	0.00019081720704575145
8.0	0.5	3.0	1.0	-3.139106596234186	0.0022569419841268427
8.0	0.5	3.0	2.0	-3.875216806664454	0.011709641494232603
8.0	0.5	3.0	3.0	-4.718192452855774	0.0275379571060875
8.0	1.0	0.0	0.0	-0.6663948864612952	0.04205372054826034
8.0	1.0	0.0	1.0	-1.8398351807743862	0.11260159553607553
8.0	1.0	0.0	2.0	-2.869120281546281	0.12326908206361811
8.0	1.0	0.0	3.0	-3.873984863382524	0.12476439001872705
8.0	1.0	1.0	0.0	-1.0673097547232773	0.011500504680743089
8.0	1.0	1.0	1.0	-2.0276220522860275	0.06527561544724249
8.0	1.0	1.0	2.0	-3.0039358452619096	0.09222341362379362
8.0	1.0	1.0	3.0	-3.9796279178761367	0.10425368118871048
8.0	1.0	2.0	0.0	-2.0255363320418462	0.0008657103970522114
8.0	1.0	2.0	1.0	-2.5665938565030513	0.015398379732148346
8.0	1.0	2.0	2.0	-3.393216937461066	0.04133903953160464
8.0	1.0	2.0	3.0	-4.287903391137034	0.06268969298079459
8.0	1.0	3.0	0.0	-3.0514104325981695	0.00011801709143192279
8.0	1.0	3.0	1.0	-3.3496815697722084	0.002632173582374168
8.0	1.0	3.0	2.0	-3.991890416184794	0.013430778659942515
8.0	1.0	3.0	3.0	-4.774131091065364	0.02947709766302601
8.0	1.5	0.0	0.0	-0.7920047219392594	0.08390520143797325
8.0	1.5	0.0	1.0	-1.8717434549022653	0.12358042270101498
8.0	1.5	0.0	2.0	-2.874777164354981	0.12492909849999331
8.0	1.5	0.0	3.0	-3.8749854143618228	0.12499646909016406
8.0	1.5	1.0	0.0	-1.1584653778986043	0.014804228341232198
8.0	1.5	1.0	1.0	-2.0577516816986767	0.07025193693545809
8.0	1.5	1.0	2.0	-3.009023793530598	0.09324069057700872
8.0	1.5	1.0	3.0	-3.9805148320762624	0.10441753780339574
8.0	1.5	2.0	0.0	-2.089984289381631	0.0006772186400421697
8.0	1.5	2.0	1.0	-2.587710217480928	0.01582429095115407
8.0	1.5	2.0	2.0	-3.3967955113434396	0.04157925395563171
8.0	1.5	2.0	3.0	-4.2885207802054	0.06274875061927136
8.0	1.5	3.0	0.0	-3.071251388097446	0.00010521802616356331
8.0	1.5	3.0	1.0	-3.3585295817492002	0.002627009793784902
8.0	1.5	3.0	2.0	-3.9937218624850743	0.013452824677995554
8.0	1.5	3.0	3.0	-4.774466541131742	0.02948851647987044
8.0	2.0	0.0	0.0	-0.8435241325663428	0.10796123616826332
8.0	2.0	0.0	1.0	-1.8746269924081196	0.12482312036775728
8.0	2.0	0.0	2.0	-2.8749901030911835	0.12499675913272314
8.0	2.0	0.0	3.0	-3.874999759468478	0.12499994064069629
8.0	2.0	1.0	0.0	-1.1905798062120625	0.01562898795316775
8.0	2.0	1.0	1.0	-2.0604123899059754	0.07074715558582258
8.0	2.0	1.0	2.0	-3.009196372610834	0.0932776426661571
8.0	2.0	1.0	3.0	-3.9805263633397034	0.1044197589570779
8.0	2.0	2.0	0.0	-2.104958140496881	0.0006059619228395933
8.0	2.0	2.0	1.0	-2.5893448373107426	0.01584948508820612
8.0	2.0	2.0	2.0	-3.3968890488115346	0.0415855319077191
8.0	2.0	2.0	3.0	-4.288526938992137	0.06274935593214379
8.0	2.0	3.0	0.0	-3.0730727743915605	0.00010355981429297466
8.0	2.0	3.0	1.0	-3.358965655091757	0.002625909754996004
8.0	2.0	3.0	2.0	-3.99375461917997	0.01345311846745818
8.0	2.0	3.0	3.0	-4.774468830253795	0.029488591307991904
8.0	2.5	0.0	0.0	-0.863287510882498	0.11844033664420564
8.0	2.5	0.0	1.0	-1.8749527522562928	0.12497684228958124
8.0	2.5	0.0	2.0	-2.874999528744316	0.1249998439572064
8.0	2.5	0.0	3.0	-3.8749999957735306	0.12499999894859128
8.0	2.5	1.0	0.0	-1.2046351169173988	0.0156868719936653
8.0	2.5	1.0	1.0	-2.0606878519499108	0.07080108193937193
8.0	2.5	1.0	2.0	-3.0092031342625396	0.09327913837086614
8.0	2.5	1.0	3.0	-3.9805265347747616	0.10441979269628147
8.0	2.5	2.0	0.0	-2.1089722324755584	0.0005813644571605069
8.0	2.5	2.0	1.0	-2.5894845294302895	0.01585109722706142
8.0	2.5	2.0	2.0	-3.3968917539469943	0.04158571379764116
8.0	2.5	2.0	3.0	-4.288527007879094	0.06274936283657472
8.0	2.5	3.0	0.0	-3.0732610529739106	0.00010335015802740463
8.0	2.5	3.0	1.0	-3.3589893523127605	0.002625815906425537
8.0	2.5	3.0	2.0	-3.9937552531757783	0.01345312269269366
8.0	2.5	3.0	3.0	-4.774468847300976	0.029488591852594233
8.0	3.0	0.0	0.0	-0.8706729094758858	0.12254565804480846
8.0	3.0	0.0	1.0	-1.8749937641810301	0.1249969050682465
8.0	3.0	0.0	2.0	-2.874999976928287	0.12499999232838334
8.0	3.0	0.0	3.0	-3.8749999999237947	0.12499999998098395
8.0	3.0	1.0	0.0	-1.2119914110067287	0.01549647385589974
8.0	3.0	1.0	1.0	-2.0607190054785995	0.07080734912806441
8.0	3.0	1.0	2.0	-3.0092034197930513	0.09327920253598204
8.0	3.0	1.0	3.0	-3.9805265375017225	0.104419793238275
8.0	3.0	2.0	0.0	-2.110132708105087	0.0005729815727899034
8.0	3.0	2.0	1.0	-2.5894971448570256	0.01585120634161055
8.0	3.0	2.0	2.0	-3.3968918373760553	0.0415857194319591
8.0	3.0	2.0	3.0	-4.28852700870465	0.06274936292034133
8.0	3.0	3.0	0.0	-3.073281785010124	0.00010332381313712556
8.0	3.0	3.0	1.0	-3.358990709779686	0.0026258090303139334
8.0	3.0	3.0	2.0	-3.9937552660450146	0.013453122756729212
8.0	3.0	3.0	3.0	-4.774468847435408	0.029488591856843722
8.0	3.5	0.0	0.0	-0.8734056604097925	0.12409143582507093
8.0	3.5	0.0	1.0	-1.8749991639175945	0.12499958309860558
8.0	3.5	0.0	2.0	-2.874999998858466	0.12499999961983482
8.0	3.5	0.0	3.0	-3.8749999999986127	0.12499999999965335
8.0	3.5	1.0	0.0	-1.2163805363888482	0.015222334449382972
8.0	3.5	1.0	1.0	-2.060722700814638	0.0708081038003161
8.0	3.5	1.0	2.0	-3.00920343228418	0.09327920536328255
8.0	3.5	1.0	3.0	-3.980526537546414	0.10441979324719472
8.0	3.5	2.0	0.0	-2.110483128641857	0.0005701399458955089
8.0	3.5	2.0	1.0	-2.5894983215581853	0.015851213960767434
8.0	3.5	2.0	2.0	-3.3968918400513513	0.04158571961345239
8.0	3.5	2.0	3.0	-4.288527008714915	0.0627493629213903
8.0	3.5	3.0	0.0	-3.073284152218793	0.00010332050794347987
8.0	3.5	3.0	1.0	-3.3589907899305613	0.0026258085526910512
8.0	3.5	3.0	2.0	-3.993755266313964	0.013453122757730161
8.0	3.5	3.0	3.0	-4.774468847436505	0.029488591856878556
8.0	4.0	0.0	0.0	-0.8744131372716856	0.12466498709783513
8.0	4.0	0.0	1.0	-1.8749998872382412	0.12499994367579197
8.0	4.0	0.0	2.0	-2.8749999999432974	0.12499999998110534
8.0	4.0	0.0	3.0	-3.8749999999999747	0.12499999999999367
8.0	4.0	1.0	0.0	-1.2192675277326264	0.014926995555417964
8.0	4.0	1.0	1.0	-2.0607231503487324	0.07080819636254672
8.0	4.0	1.0	2.0	-3.0092034328392545	0.09327920548931919
8.0	4.0	1.0	3.0	-3.980526537547155	0.10441979324734293
8.0	4.0	2.0	0.0	-2.1105919181212043	0.000569179985046425
8.0	4.0	2.0	1.0	-2.5894984335228384	0.01585121449819872
8.0	4.0	2.0	2.0	-3.3968918401391193	0.04158571961942845
8.0	4.0	2.0	3.0	-4.288527008715047	0.06274936292140361
8.0	4.0	3.0	0.0	-3.073284428797095	0.00010332009352713922
8.0	4.0	3.0	1.0	-3.3589907947537743	0.002625808520319732
8.0	4.0	3.0	2.0	-3.9937552663196865	0.013453122757746176
8.0	4.0	3.0	3.0	-4.7744688474365145	0.029488591856878868
8.0	4.5	0.0	0.0	-0.8747840594920281	0.12487665109516362
8.0	4.5	0.0	1.0	-1.874999984758742	0.12499999238219096
8.0	4.5	0.0	2.0	-2.8749999999971787	0.12499999999905988
8.0	4.5	0.0	3.0	-3.875	0.1249999999999999
8.0	4.5	1.0	0.0	-1.2213132652959202	0.014638171155198679
8.0	4.5	1.0	1.0	-2.060723205761886	0.0708082078231931
8.0	4.5	1.0	2.0	-3.0092034328640875	0.0932792054949655
8.0	4.5	1.0	3.0	-3.9805265375471683	0.10441979324734538
8.0	4.5	2.0	0.0	-2.1106263372467624	0.0005688564584796578
8.0	4.5	2.0	1.0	-2.5894984443145317	0.01585121453568731
8.0	4.5	2.0	2.0	-3.396891840142037	0.04158571961962783
8.0	4.5	2.0	3.0	-4.288527008715048	0.06274936292140369
8.0	4.5	3.0	0.0	-3.0732844616242194	0.0001033200415901357
8.0	4.5	3.0	1.0	-3.358990795047787	0.0026258085181548665
8.0	4.5	3.0	2.0	-3.99375526631981	0.013453122757746499
8.0	4.5	3.0	3.0	-4.7744688474365145	0.029488591856878466
8.0	5.0	0.0	0.0	-0.8749205537297694	0.12495460831382273
8.0	5.0	0.0	1.0	-1.8749999979382848	0.12499999896928282
8.0	5.0	0.0	2.0	-2.8749999999998597	0.1249999999999532
8.0	5.0	0.0	3.0	-3.875	0.125
8.0	5.0	1.0	0.0	-1.2228465893099045	0.014368955829543558
8.0	5.0	1.0	1.0	-2.0607232126399087	0.07080820924911183
8.0	5.0	1.0	2.0	-3.0092034328652013	0.09327920549521904
8.0	5.0	1.0	3.0	-3.980526537547168	0.10441979324734554
8.0	5.0	2.0	0.0	-2.1106373746404348	0.0005687476107423314
8.0	5.0	2.0	1.0	-2.589498445363752	0.015851214538200535
8.0	5.0	2.0	2.0	-3.3968918401421346	0.04158571961963432
8.0	5.0	2.0	3.0	-4.288527008715048	0.062749362921404
8.0	5.0	3.0	0.0	-3.0732844655649223	0.00010332003508403817
8.0	5.0	3.0	1.0	-3.358990795065875	0.002625808518011344
8.0	5.0	3.0	2.0	-3.9937552663198144	0.013453122757746561
8.0	5.0	3.0	3.0	-4.774468847436515	0.029488591856878722
9.0	0.5	0.0	0.0	-0.4107708064533435	2.3129646346357427e-18
9.0	0.5	0.0	1.0	-1.423795034716102	-0.03043997503964546
9.0	0.5	0.0	2.0	-2.683792439553811	-0.07025106725791891
9.0	0.5	0.0	3.0	-3.799417667980415	-0.09395280886775764
9.0	0.5	1.0	0.0	-0.7721472058660039	1.3106799596269209e-17
9.0	0.5	1.0	1.0	-1.6443748932434181	-0.019681962302080566
9.0	0.5	1.0	2.0	-2.8279670752486066	-0.053250940206513143
9.0	0.5	1.0	3.0	-3.9086190105534646	-0.07799780641783774
9.0	0.5	2.0	0.0	-1.678152259002178	-1.3877787807814457e-17
9.0	0.5	2.0	1.0	-2.2638975005934907	-0.006102739893509534
9.0	0.5	2.0	2.0	-3.2448788955059977	-0.024520906095147326
9.0	0.5	2.0	3.0	-4.2271616726344545	-0.045875371084512624
9.0	0.5	3.0	0.0	-2.790180210268505	-1.927470528863119e-18
9.0	0.5	3.0	1.0	-3.1440288553745144	-0.0012892764550751254
9.0	0.5	3.0	2.0	-3.8837835647322603	-0.0080097332356427
9.0	0.5	3.0	3.0	-4.728384768744988	-0.02065315949770967
9.0	1.0	0.0	0.0	-0.6769725830717926	0.0
9.0	1.0	0.0	1.0	-1.8556397217747653	-0.09958680946179671
9.0	1.0	0.0	2.0	-2.883356205281601	-0.10949900420308269
9.0	1.0	0.0	3.0	-3.8879359070447825	-0.11089161055943388
9.0	1.0	1.0	0.0	-1.0729355416316897	-2.6213599192538418e-17
9.0	1.0	1.0	1.0	-2.0408829020149124	-0.05463115152284562
9.0	1.0	1.0	2.0	-3.0170123190754885	-0.07943313254828493
9.0	1.0	1.0	3.0	-3.99289908055239	-0.09084586589579634
9.0	1.0	2.0	0.0	-2.0272307322625776	-1.61907524424502e-17
9.0	1.0	2.0	1.0	-2.5744853521610715	-0.011024318065971138
9.0	1.0	2.0	2.0	-3.4034981565727405	-0.03261314508232119
9.0	1.0	2.0	3.0	-4.299408013142671	-0.05160658059324651
9.0	1.0	3.0	0.0	-3.0524737266160615	3.0839528461809902e-18
9.0	1.0	3.0	1.0	-3.3537554006224934	-0.0015322028814162374
9.0	1.0	3.0	2.0	-3.9991676555321067	-0.009319280543785866
9.0	1.0	3.0	3.0	-4.783409960976895	-0.022256381830440628
9.0	1.5	0.0	0.0	-0.8045762254621075	0.0
9.0	1.5	0.0	1.0	-1.8859061217303887	-0.10982208832904937
9.0	1.5	0.0	2.0	-2.888685330965434	-0.11104672294956983
9.0	1.5	0.0	3.0	-3.888875583918895	-0.1111079045482368
9.0	1.5	1.0	0.0	-1.1639009170418246	-5.705312765434832e-17
9.0	1.5	1.0	1.0	-2.0697166927943744	-0.05906356740026521
9.0	1.5	1.0	2.0	-3.021829211765806	-0.08035720146460008
9.0	1.5	1.0	3.0	-3.9937346465385213	-0.09099603490697518
9.0	1.5	2.0	0.0	-2.091626816601879	-2.2744152240584803e-17
9.0	1.5	2.0	1.0	-2.5950765117135526	-0.011357041927654505
9.0	1.5	2.0	2.0	-3.40692920323534	-0.032815528582209014
9.0	1.5	2.0	3.0	-4.299994680660655	-0.051658129260819724
9.0	1.5	3.0	0.0	-3.072407180098313	9.637352644315594e-20
9.0	1.5	3.0	1.0	-3.362517140919161	-0.0015289278824631143
9.0	1.5	3.0	2.0	-4.000949570164481	-0.009335824665230709
9.0	1.5	3.0	3.0	-4.7837324387838285	-0.02226561672488395
9.0	2.0	0.0	0.0	-0.8569134045118325	0.0
9.0	2.0	0.0	1.0	-1.888553128150554	-0.1109525208743384
9.0	2.0	0.0	2.0	-2.888879991555017	-0.11110820533303012
9.0	2.0	0.0	3.0	-3.888888672792899	-0.11111105788925167
9.0	2.0	1.0	0.0	-1.1958600402953126	-4.625929269271486e-17
9.0	2.0	1.0	1.0	-2.0721912347005063	-0.059494484474025895
9.0	2.0	1.0	2.0	-3.021987928966778	-0.08038991903648944
9.0	2.0	1.0	3.0	-3.993745203684393	-0.09099801865383204
9.0	2.0	2.0	0.0	-2.106686451667219	-1.3299546649155522e-17
9.0	2.0	2.0	1.0	-2.596646758953332	-0.011376451581960455
9.0	2.0	2.0	2.0	-3.4070168149320694	-0.032820696524133344
9.0	2.0	2.0	3.0	-4.300000380059629	-0.05165864453513097
9.0	2.0	3.0	0.0	-3.074250980356127	3.662194004839926e-18
9.0	2.0	3.0	1.0	-3.3629477088786164	-0.0015282201944912563
9.0	2.0	3.0	2.0	-4.000981001771791	-0.009336040201186134
9.0	2.0	3.0	3.0	-4.783734593871681	-0.022265675883365088
9.0	2.5	0.0	0.0	-0.8769904872457129	0.0
9.0	2.5	0.0	1.0	-1.8888466851121	-0.11109045851086367
9.0	2.5	0.0	2.0	-2.8888884681626865	-0.1111109719483721
9.0	2.5	0.0	3.0	-3.888888885116596	-0.11111111017343937
9.0	2.5	1.0	0.0	-1.2098226300677757	-3.5465457731081387e-17
9.0	2.5	1.0	1.0	-2.072442425475933	-0.0595406611711466
9.0	2.5	1.0	2.0	-3.0219940372033562	-0.08039122405590508
9.0	2.5	1.0	3.0	-3.993745358078829	-0.090998048370111
9.0	2.5	2.0	0.0	-2.1107559029162086	-4.2211604582102304e-17
9.0	2.5	2.0	1.0	-2.5967793128069854	-0.011377676127976029
9.0	2.5	2.0	2.0	-3.407019303290726	-0.032820843769682084
9.0	2.5	2.0	3.0	-4.3000004426569705	-0.051658650319153905
9.0	2.5	3.0	0.0	-3.0744430767069755	1.2528558437610274e-17
9.0	2.5	3.0	1.0	-3.3629710617427873	-0.0015281596817349659
9.0	2.5	3.0	2.0	-4.0009816029942336	-0.009336043225100723
9.0	2.5	3.0	3.0	-4.783734609651991	-0.02226567630661159
9.0	3.0	0.0	0.0	-0.8844931143881969	0.0
9.0	3.0	0.0	1.0	-1.8888833357517134	-0.11110835667628667
9.0	3.0	0.0	2.0	-2.8888888683471423	-0.11111110428350711
9.0	3.0	0.0	3.0	-3.888888888821047	-0.11111111109418717
9.0	3.0	1.0	0.0	-1.2171070735788705	-6.938893903907228e-17
9.0	3.0	1.0	1.0	-2.0724704981919695	-0.05954598005801927
9.0	3.0	1.0	2.0	-3.021994292824618	-0.08039127965006568
9.0	3.0	1.0	3.0	-3.9937453605159456	-0.09099804884448993
9.0	3.0	2.0	0.0	-2.11194215717055	-2.4671622769447922e-17
9.0	3.0	2.0	1.0	-2.5967911615899473	-0.011377757871851598
9.0	3.0	2.0	2.0	-3.4070193790781587	-0.032820848282808845
9.0	3.0	2.0	3.0	-4.300000443399229	-0.051658650388715276
9.0	3.0	3.0	0.0	-3.074464394222305	-1.927470528863119e-19
9.0	3.0	3.0	1.0	-3.3629723973924808	-0.001528155240463051
9.0	3.0	3.0	2.0	-4.000981615078144	-0.009336043269703153
9.0	3.0	3.0	3.0	-4.783734609774886	-0.02226567630987673
9.0	3.5	0.0	0.0	-0.887269242321069	0.0
9.0	3.5	0.0	1.0	-1.8888881451984088	-0.11111074036359293
9.0	3.5	0.0	2.0	-2.888888887873577	-0.11111111077303285
9.0	3.5	0.0	3.0	-3.8888888888876543	-0.11111111111080281
9.0	3.5	1.0	0.0	-1.2214217353722843	-3.39234813079909e-17
9.0	3.5	1.0	1.0	-2.072473806344611	-0.05954661760858196
9.0	3.5	1.0	2.0	-3.021994303961746	-0.08039128209219099
9.0	3.5	1.0	3.0	-3.9937453605557574	-0.09099804885227648
9.0	3.5	2.0	0.0	-2.1123033946272884	-1.0215593802974531e-17
9.0	3.5	2.0	1.0	-2.5967922573291804	-0.011377763504066937
9.0	3.5	2.0	2.0	-3.407019381488704	-0.0328208484272777
9.0	3.5	2.0	3.0	-4.300000443408407	-0.051658650389582325
9.0	3.5	3.0	0.0	-3.074466847270591	-1.6576246548222823e-17
9.0	3.5	3.0	1.0	-3.362972476145907	-0.001528154931499201
9.0	3.5	3.0	2.0	-4.000981615328599	-0.009336043270379867
9.0	3.5	3.0	3.0	-4.783734609775883	-0.02226567630990322
9.0	4.0	0.0	0.0	-0.8882927108791753	0.0
9.0	4.0	0.0	1.0	-1.8888887886310357	-0.11111106103675925
9.0	4.0	0.0	2.0	-2.888888888838475	-0.11111111109431304
9.0	4.0	0.0	3.0	-3.888888888888866	-0.11111111111110547
9.0	4.0	1.0	0.0	-1.2242257007921487	-6.47630097698008e-17
9.0	4.0	1.0	1.0	-2.072474207395027	-0.059546695626828856
9.0	4.0	1.0	2.0	-3.0219943044557813	-0.08039128220091558
9.0	4.0	1.0	3.0	-3.9937453605564173	-0.09099804885240591
9.0	4.0	2.0	0.0	-2.1124165183416372	-1.3106799596269209e-17
9.0	4.0	2.0	1.0	-2.5967923608388976	-0.011377763896522933
9.0	4.0	2.0	2.0	-3.4070193815673835	-0.03282084843201787
9.0	4.0	2.0	3.0	-4.300000443408523	-0.05165865038959363
9.0	4.0	3.0	0.0	-3.074467136141264	4.433182216385173e-18
9.0	4.0	3.0	1.0	-3.3629724808789705	-0.0015281549105301427
9.0	4.0	3.0	2.0	-4.00098161533389	-0.009336043270390263
9.0	4.0	3.0	3.0	-4.783734609775889	-0.0222656763099033
9.0	4.5	0.0	0.0	-0.8886695207538045	0.0
9.0	4.5	0.0	1.0	-1.8888888753398507	-0.11111110433930763
9.0	4.5	0.0	2.0	-2.8888888888863815	-0.11111111111027541
9.0	4.5	0.0	3.0	-3.888888888888889	-0.11111111111111102
9.0	4.5	1.0	0.0	-1.2261832822965175	-6.1679056923619804e-18
9.0	4.5	1.0	1.0	-2.0724742567440537	-0.05954670527575735
9.0	4.5	1.0	2.0	-3.0219943044778668	-0.08039128220578376
9.0	4.5	1.0	3.0	-3.9937453605564284	-0.090998048852408
9.0	4.5	2.0	0.0	-2.1124526319459567	-1.426328191358708e-17
9.0	4.5	2.0	1.0	-2.596792370754867	-0.011377763923638935
9.0	4.5	2.0	2.0	-3.4070193815699907	-0.0328208484321753
9.0	4.5	2.0	3.0	-4.300000443408525	-0.05165865038959348
9.0	4.5	3.0	0.0	-3.074467170704063	-9.348232064986128e-18
9.0	4.5	3.0	1.0	-3.362972481167141	-0.0015281549091260638
9.0	4.5	3.0	2.0	-4.000981615334002	-0.009336043270390412
9.0	4.5	3.0	3.0	-4.783734609775891	-0.022265676309903462
9.0	5.0	0.0	0.0	-0.8888081815667555	0.0
9.0	5.0	0.0	1.0	-1.8888888870561908	-0.11111111019489726
9.0	5.0	0.0	2.0	-2.8888888888887636	-0.1111111111110695
9.0	5.0	0.0	3.0	-3.888888888888889	-0.1111111111111111
9.0	5.0	1.0	0.0	-1.2276296713423214	-4.163336342344337e-17
9.0	5.0	1.0	1.0	-2.0724742628638086	-0.059546706475587956
9.0	5.0	1.0	2.0	-3.021994304478858	-0.0803912822060025
9.0	5.0	1.0	3.0	-3.9937453605564293	-0.09099804885240809
9.0	5.0	2.0	0.0	-2.1124643219182806	-4.37535810051928e-17
9.0	5.0	2.0	1.0	-2.5967923717139554	-0.011377763925450472
9.0	5.0	2.0	2.0	-3.4070193815700787	-0.032820848432180916
9.0	5.0	2.0	3.0	-4.300000443408525	-0.05165865038959358
9.0	5.0	3.0	0.0	-3.074467174887584	1.3299546649155522e-17
9.0	5.0	3.0	1.0	-3.362972481184848	-0.0015281549090327804
9.0	5.0	3.0	2.0	-4.000981615334006	-0.009336043270390433
9.0	5.0	3.0	3.0	-4.783734609775889	-0.022265676309903323
10.0	0.5	0.0	0.0	-0.4159054415339994	0.0021074654595544494
10.0	0.5	0.0	1.0	-1.439073719356133	0.024628144949637366
10.0	0.5	0.0	2.0	-2.698357950078451	0.060930561093638834
10.0	0.5	0.0	3.0	-3.8123207475705656	0.08342423476904255
10.0	0.5	1.0	0.0	-0.7761000537925598	0.0010903378636650917
10.0	0.5	1.0	1.0	-1.6571340709857083	0.015223989611158076
10.0	0.5	1.0	2.0	-2.8412375784033643	0.044907915159227575
10.0	0.5	1.0	3.0	-3.9208202423866867	0.0679594513021323
10.0	0.5	2.0	0.0	-1.6801830568131357	0.00021111332724267802
10.0	0.5	2.0	1.0	-2.2716213332294135	0.004174133006886028
10.0	0.5	2.0	2.0	-3.2550369956041494	0.019096420667981957
10.0	0.5	2.0	3.0	-4.23755245415516	0.03785365749538184
10.0	0.5	3.0	0.0	-2.791155302347756	3.0438414145599578e-5
10.0	0.5	3.0	1.0	-3.147966871229859	0.000746092610896834
10.0	0.5	3.0	2.0	-3.890636964488478	0.005547375919240258
10.0	0.5	3.0	3.0	-4.736538621139447	0.01568325885158192
10.0	1.0	0.0	0.0	-0.6854347403601923	0.025622294244601523
10.0	1.0	0.0	1.0	-1.8682832879531677	0.0891772651301649
10.0	1.0	0.0	2.0	-2.894744944269833	0.09848298630324644
10.0	1.0	0.0	3.0	-3.89909674197459	0.09979338781484141
10.0	1.0	1.0	0.0	-1.0774361711997829	0.00517628399087749
10.0	1.0	1.0	1.0	-2.051491413329712	0.04629400577729596
10.0	1.0	1.0	2.0	-3.027473498124494	0.06927191888943059
10.0	1.0	1.0	3.0	-4.003516010693393	0.08015192746154429
10.0	1.0	2.0	0.0	-2.028586252623633	0.00020529998497668364
10.0	1.0	2.0	1.0	-2.580798392991946	0.007991418824173946
10.0	1.0	2.0	2.0	-3.4117231317128214	0.026050736988039135
10.0	1.0	2.0	3.0	-4.308611710747323	0.04301392337090456
10.0	1.0	3.0	0.0	-3.053324361834391	1.6782235663270663e-5
10.0	1.0	3.0	1.0	-3.357014542215297	0.0009030931380089952
10.0	1.0	3.0	2.0	-4.004989448161523	0.006547245204964714
10.0	1.0	3.0	3.0	-4.790833056931315	0.017014509686078556
10.0	1.5	0.0	0.0	-0.814633428280368	0.06075731724264126
10.0	1.5	0.0	1.0	-1.897236255146702	0.09881542688319464
10.0	1.5	0.0	2.0	-2.8998118642537967	0.09994082252432304
10.0	1.5	0.0	3.0	-3.8999877195645545	0.09999705291473243
10.0	1.5	1.0	0.0	-1.168249377515401	0.007288104348763201
10.0	1.5	1.0	1.0	-2.079288699150794	0.05027777799797112
10.0	1.5	1.0	2.0	-3.032073546353973	0.07011955600716295
10.0	1.5	1.0	3.0	-4.004310498108328	0.0802909360320955
10.0	1.5	2.0	0.0	-2.0929408410884975	0.00015194226226328164
10.0	1.5	2.0	1.0	-2.6009695653295877	0.00825279403233507
10.0	1.5	2.0	2.0	-3.4150361568329286	0.026222684333838432
10.0	1.5	2.0	3.0	-4.309173801025317	0.0430593329912349
10.0	1.5	3.0	0.0	-3.07333181370383	1.4510012639581613e-5
10.0	1.5	3.0	1.0	-3.3657072796300014	0.0009009947158582651
10.0	1.5	3.0	2.0	-4.006731738172266	0.006559744388496105
10.0	1.5	3.0	3.0	-4.7911451569356585	0.01702203837373909
10.0	2.0	0.0	0.0	-0.8676248220682277	0.083262087396228
10.0	2.0	0.0	1.0	-1.899694036744484	0.09985604129469253
10.0	2.0	0.0	2.0	-2.899991902326084	0.09999736229328077
10.0	2.0	0.0	3.0	-3.8999998034524355	0.09999995168809597
10.0	2.0	1.0	0.0	-1.200085010966537	0.007991759084928171
10.0	2.0	1.0	1.0	-2.081614310474123	0.050656999112806786
10.0	2.0	1.0	2.0	-3.032221174051548	0.07014886562522024
10.0	2.0	1.0	3.0	-4.004320275960147	0.08029272883933823
10.0	2.0	2.0	0.0	-2.1080691051803813	0.00013200987798618665
10.0	2.0	2.0	1.0	-2.602488351238017	0.008267862532486774
10.0	2.0	2.0	2.0	-3.4151190279240096	0.026226984374278384
10.0	2.0	2.0	3.0	-4.309179132914083	0.043059776622351255
10.0	2.0	3.0	0.0	-3.075193545129099	1.4213818591339925e-5
10.0	2.0	3.0	1.0	-3.3661334473829294	0.000900537331103786
10.0	2.0	3.0	2.0	-4.00676210974858	0.0065599040207141215
10.0	2.0	3.0	3.0	-4.791147204796235	0.017022085632899663
10.0	2.5	0.0	0.0	-0.8879528683362947	0.09348394368883371
10.0	2.5	0.0	1.0	-1.8999618313967452	0.09998135148792704
10.0	2.5	0.0	2.0	-2.8999996196973825	0.09999987434130471
10.0	2.5	0.0	3.0	-3.899999996591049	0.09999999915331784
10.0	2.5	1.0	0.0	-1.213977683138346	0.008192674505186731
10.0	2.5	1.0	1.0	-2.0818460843603512	0.050697021260721065
10.0	2.5	1.0	2.0	-3.032226759556024	0.07015001832997306
10.0	2.5	1.0	3.0	-4.0043204167220825	0.08029275533657756
10.0	2.5	2.0	0.0	-2.112182842710419	0.00012506003964010866
10.0	2.5	2.0	1.0	-2.6026152011518606	0.008268801208871426
10.0	2.5	2.0	2.0	-3.4151213428618012	0.026227104988150514
10.0	2.5	2.0	3.0	-4.309179190479734	0.04305978152688293
10.0	2.5	3.0	0.0	-3.0753886956933667	1.4175563944437627e-5
10.0	2.5	3.0	1.0	-3.3661565253578987	0.0009004981570057191
10.0	2.5	3.0	2.0	-4.006762684754032	0.006559906209731276
10.0	2.5	3.0	3.0	-4.791147219563053	0.017022085965674397
10.0	3.0	0.0	0.0	-0.8955492783180519	0.09755171166492445
10.0	3.0	0.0	1.0	-1.8999949930082594	0.09999751796271888
10.0	3.0	0.0	2.0	-2.8999999814822273	0.09999999384760613
10.0	3.0	0.0	3.0	-3.8999999999388493	0.09999999998474973
10.0	3.0	1.0	0.0	-1.2212152270020085	0.008203693892570297
10.0	3.0	1.0	1.0	-2.081871692440252	0.05070159138240145
10.0	3.0	1.0	2.0	-3.0322269912498876	0.07015006709879072
10.0	3.0	1.0	3.0	-4.004320418927324	0.08029275575695925
10.0	3.0	2.0	0.0	-2.113389718053726	0.00012263994406752597
10.0	3.0	2.0	1.0	-2.6026264377094384	0.008268863049179325
10.0	3.0	2.0	2.0	-3.4151214125359615	0.02622710864758363
10.0	3.0	2.0	3.0	-4.309179191155353	0.04305978158536574
10.0	3.0	3.0	0.0	-3.0754104815921894	1.417064307307446e-5
10.0	3.0	3.0	1.0	-3.366157843624518	0.0009004952778318822
10.0	3.0	3.0	2.0	-4.006762696209752	0.00655990624117605
10.0	3.0	3.0	3.0	-4.791147219676721	0.017022085968213217
10.0	3.5	0.0	0.0	-0.8983601078500885	0.09909226281873966
10.0	3.5	0.0	1.0	-1.8999993302230607	0.0999996661755828
10.0	3.5	0.0	2.0	-2.8999999990856664	0.09999999969559129
10.0	3.5	0.0	3.0	-3.899999999998889	0.09999999999972241
10.0	3.5	1.0	0.0	-1.2254866181149433	0.008133730042057277
10.0	3.5	1.0	1.0	-2.0818746908479833	0.05070213670919349
10.0	3.5	1.0	2.0	-3.032227001303814	0.07015006923457204
10.0	3.5	1.0	3.0	-4.004320418963233	0.08029275576384165
10.0	3.5	2.0	0.0	-2.1137596078597896	0.00012179794798916412
10.0	3.5	2.0	1.0	-2.6026274688430084	0.008268867250291936
10.0	3.5	2.0	2.0	-3.4151214147347098	0.02622710876400953
10.0	3.5	2.0	3.0	-4.309179191163662	0.04305978158609156
10.0	3.5	3.0	0.0	-3.0754130033127596	1.4170010831222271e-5
10.0	3.5	3.0	1.0	-3.3661579212675123	0.0009004950772802153
10.0	3.5	3.0	2.0	-4.006762696445406	0.006559906241638142
10.0	3.5	3.0	3.0	-4.791147219677633	0.01702208596823366
10.0	4.0	0.0	0.0	-0.8993963697651559	0.09966509940676753
10.0	4.0	0.0	1.0	-1.899999909745271	0.09999995492553305
10.0	4.0	0.0	2.0	-2.899999999954617	0.0999999999848792
10.0	4.0	0.0	3.0	-3.89999999999998	0.09999999999999494
10.0	4.0	1.0	0.0	-1.2282427225901345	0.008027560050142483
10.0	4.0	1.0	1.0	-2.0818750531116925	0.050702203290317015
10.0	4.0	1.0	2.0	-3.032227001749019	0.07015006932953471
10.0	4.0	1.0	3.0	-4.004320418963827	0.08029275576395586
10.0	4.0	2.0	0.0	-2.113876198517681	0.00012150550034489629
10.0	4.0	2.0	1.0	-2.602627565612061	0.008268867538531541
10.0	4.0	2.0	2.0	-3.415121414806115	0.02622710876781583
10.0	4.0	2.0	3.0	-4.309179191163769	0.0430597815861007
10.0	4.0	3.0	0.0	-3.0754133020177177	1.4169929625484999e-5
10.0	4.0	3.0	1.0	-3.366157925929199	0.0009004950636531686
10.0	4.0	3.0	2.0	-4.006762696450354	0.006559906241645199
10.0	4.0	3.0	3.0	-4.791147219677641	0.017022085968233926
10.0	4.5	0.0	0.0	-0.899777889763239	0.09987666631387157
10.0	4.5	0.0	1.0	-1.8999999878047373	0.09999999390500094
10.0	4.5	0.0	2.0	-2.899999999997743	0.09999999999924782
10.0	4.5	0.0	3.0	-3.9	0.09999999999999992
10.0	4.5	1.0	0.0	-1.2301468043628039	0.007906605824647469
10.0	4.5	1.0	1.0	-2.081875097609451	0.05070221151545279
10.0	4.5	1.0	2.0	-3.0322270017689075	0.07015006933378443
10.0	4.5	1.0	3.0	-4.004320418963838	0.0802927557639577
10.0	4.5	2.0	0.0	-2.113913667744561	0.00012140408983642784
10.0	4.5	2.0	1.0	-2.602627574830624	0.008268867558103462
10.0	4.5	2.0	2.0	-3.4151214148084748	0.02622710876794242
10.0	4.5	2.0	3.0	-4.30917919116377	0.04305978158610006
10.0	4.5	3.0	0.0	-3.075413337969249	1.416991919691692e-5
10.0	4.5	3.0	1.0	-3.3661579262127623	0.0009004950627396549
10.0	4.5	3.0	2.0	-4.006762696450464	0.006559906241645366
10.0	4.5	3.0	3.0	-4.791147219677642	0.017022085968233895
10.0	5.0	0.0	0.0	-0.8999182838363406	0.09995461037441529
10.0	5.0	0.0	1.0	-1.8999999983505156	0.09999999917538883
10.0	5.0	0.0	2.0	-2.8999999999998876	0.09999999999996256
10.0	5.0	0.0	3.0	-3.9	0.1
10.0	5.0	1.0	0.0	-1.2315365784513932	0.00778220565452582
10.0	5.0	1.0	1.0	-2.0818751031225946	0.050702212537661426
10.0	5.0	1.0	2.0	-3.0322270017697996	0.07015006933397522
10.0	5.0	1.0	3.0	-4.004320418963837	0.08029275576395763
10.0	5.0	2.0	0.0	-2.1139258800281633	0.0001213689708265334
10.0	5.0	2.0	1.0	-2.602627575718027	0.008268867559384557
10.0	5.0	2.0	2.0	-3.415121414808553	0.026227108767946455
10.0	5.0	2.0	3.0	-4.309179191163769	0.04305978158610074
10.0	5.0	3.0	0.0	-3.075413342347086	1.416991785789341e-5
10.0	5.0	3.0	1.0	-3.366157926230174	0.0009004950626789563
10.0	5.0	3.0	2.0	-4.0067626964504655	0.006559906241645227
10.0	5.0	3.0	3.0	-4.791147219677642	0.017022085968234242
