N	β	B	Ω	E/N	M/N
2.0	0.2	0.0	0.0	-0.37994896225522484	0.18997448112761242
2.0	0.2	0.0	0.5	-0.45692646559015015	0.19420833470383345
2.0	0.2	0.0	1.0	-0.6811910765048115	0.20639795355599777
2.0	0.2	0.0	1.5	-1.0344523155242873	0.22514646249309028
2.0	0.2	0.0	2.0	-1.4911415722144898	0.24852359536908164
2.0	0.2	0.5	0.0	-0.4249622606863708	0.18880301400602217
2.0	0.2	0.5	0.5	-0.5013669663717024	0.19301964200871685
2.0	0.2	0.5	1.0	-0.7240034774070615	0.20516227187020886
2.0	0.2	0.5	1.5	-1.0748207829372531	0.22384618064738993
2.0	0.2	0.5	2.0	-1.5285627183900636	0.24715616462136325
2.0	0.2	1.0	0.0	-0.5585264840423082	0.18536457554274938
2.0	0.2	1.0	0.5	-0.6332533874330945	0.18952991869553104
2.0	0.2	1.0	1.0	-0.8511182464515439	0.20153244814768273
2.0	0.2	1.0	1.5	-1.1947651048856491	0.22002315321812127
2.0	0.2	1.0	2.0	-1.639846871370497	0.24313124238007636
2.0	0.2	1.5	0.0	-0.7763472012534502	0.1798764209583847
2.0	0.2	1.5	0.5	-0.8484071037963892	0.18395764305126291
2.0	0.2	1.5	1.0	-1.058678590395445	0.19572973705866553
2.0	0.2	1.5	1.5	-1.3908906907948626	0.21390080263643774
2.0	0.2	1.5	2.0	-1.8221221143072432	0.23667153038279753
2.0	0.2	2.0	0.0	-1.0716896741121866	0.1726676814326933
2.0	0.2	2.0	0.5	-1.1402679136237266	0.17663410678265018
2.0	0.2	2.0	1.0	-1.3406106813282075	0.1880905349078938
2.0	0.2	2.0	1.5	-1.6578258745076873	0.205820206427574
2.0	0.2	2.0	2.0	-2.070816575679362	0.22811872696283098
2.0	0.4	0.0	0.0	-0.6640367702678489	0.33201838513392445
2.0	0.4	0.0	0.5	-0.8453455304643333	0.342633348638003
2.0	0.4	0.0	1.0	-1.3146255094699226	0.3688414271538768
2.0	0.4	0.0	1.5	-1.9243979376732692	0.39968134515999343
2.0	0.4	0.0	2.0	-2.5641519353982267	0.4273586558997044
2.0	0.4	0.5	0.0	-0.7330940868413729	0.3253592566504193
2.0	0.4	0.5	0.5	-0.9100650010627291	0.33601912540277457
2.0	0.4	0.5	1.0	-1.3694375848965605	0.36243077672885016
2.0	0.4	0.5	1.5	-1.9689567204337675	0.39369484718810793
2.0	0.4	0.5	2.0	-2.600676613027118	0.42195395216306436
2.0	0.4	1.0	0.0	-0.9354739262167582	0.3066955281276128
2.0	0.4	1.0	0.5	-1.100249669324958	0.3174235531970436
2.0	0.4	1.0	1.0	-1.5315085504582666	0.3442687211371184
2.0	0.4	1.0	1.5	-2.1014981643432162	0.37657984820197554
2.0	0.4	1.0	2.0	-2.7097213992365083	0.4063737427853243
2.0	0.4	1.5	0.0	-1.2568930715198956	0.2794642899826437
2.0	0.4	1.5	0.5	-1.4038285220554525	0.29013366592585893
2.0	0.4	1.5	1.0	-1.7932447376215814	0.31722689266156306
2.0	0.4	1.5	1.5	-2.3180535055851275	0.35065164965816714
2.0	0.4	1.5	2.0	-2.889267111440536	0.3823888279295207
2.0	0.4	2.0	0.0	-1.674853382932322	0.24799703063489725
2.0	0.4	2.0	0.5	-1.8012277402812824	0.25835197177292185
2.0	0.4	2.0	1.0	-2.141305940766187	0.28511012107323164
2.0	0.4	2.0	1.5	-2.6108313319690875	0.3191099939638412
2.0	0.4	2.0	2.0	-3.134925148100145	0.3525406027810072
2.0	0.6	0.0	0.0	-0.8336546070121552	0.4168273035060776
2.0	0.6	0.0	0.5	-1.1072658592817821	0.4289146297231514
2.0	0.6	0.0	1.0	-1.6984558449118636	0.4522881999218504
2.0	0.6	0.0	1.5	-2.323193440938952	0.4716346054338006
2.0	0.6	0.0	2.0	-2.903622522202254	0.48393708703370897
2.0	0.6	0.5	0.0	-0.9085941659748575	0.4026035473173817
2.0	0.6	0.5	0.5	-1.1720013107140392	0.41555598202455396
2.0	0.6	0.5	1.0	-1.746816310708098	0.4409740072163966
2.0	0.6	0.5	1.5	-2.3609429978384413	0.4625148612754102
2.0	0.6	0.5	2.0	-2.935385102103723	0.47663531769184286
2.0	0.6	1.0	0.0	-1.1312828302248614	0.36430406510545676
2.0	0.6	1.0	0.5	-1.3661273222807453	0.3791549881951032
2.0	0.6	1.0	1.0	-1.893409806859064	0.40942681684892335
2.0	0.6	1.0	1.5	-2.475294279497549	0.43659739547644605
2.0	0.6	1.0	2.0	-3.03108728622966	0.4556236095366875
2.0	0.6	1.5	0.0	-1.4872549114537832	0.31283746119787337
2.0	0.6	1.5	0.5	-1.6818649666851755	0.3291576418990501
2.0	0.6	1.5	1.0	-2.1377982850525017	0.364161762903613
2.0	0.6	1.5	1.5	-2.667160844986595	0.3979724074068453
2.0	0.6	1.5	2.0	-3.190965854543687	0.4234880933668219
2.0	0.6	2.0	0.0	-1.9422139519540675	0.26012708396337936
2.0	0.6	2.0	0.5	-2.0945824708967713	0.2765039808135975
2.0	0.6	2.0	1.0	-2.4695113328044593	0.3136271531804616
2.0	0.6	2.0	1.5	-2.9326784125530283	0.35244987754867274
2.0	0.6	2.0	2.0	-3.4129623986046513	0.3840975666488899
2.0	0.8	0.0	0.0	-0.9216685544064712	0.4608342772032356
2.0	0.8	0.0	0.5	-1.2630455178800664	0.4704235319526021
2.0	0.8	0.0	1.0	-1.876182175896477	0.48443136938261133
2.0	0.8	0.0	1.5	-2.450203802057805	0.4927180563910747
2.0	0.8	0.0	2.0	-2.9801602075761133	0.4966933679293522
2.0	0.8	0.5	0.0	-0.9954287780055833	0.44019957300004287
2.0	0.8	0.5	0.5	-1.3218802476216127	0.4523936724969266
2.0	0.8	0.5	1.0	-1.9189329441653435	0.47091560310998154
2.0	0.8	0.5	1.5	-2.4855061144458754	0.482676735491422
2.0	0.8	0.5	2.0	-3.0111123162353692	0.4889873533417679
2.0	0.8	1.0	0.0	-1.2236499835872383	0.3857990031479712
2.0	0.8	1.0	0.5	-1.5061293247204028	0.4036444792623895
2.0	0.8	1.0	1.0	-2.0517855044751108	0.433044242988629
2.0	0.8	1.0	1.5	-2.5930098474333976	0.4539712528218505
2.0	0.8	1.0	2.0	-3.104276697938884	0.46673313957253376
2.0	0.8	1.5	0.0	-1.597466306629041	0.31694640033228594
2.0	0.8	1.5	0.5	-1.8175235542279475	0.33892136680142165
2.0	0.8	1.5	1.0	-2.2798964076152934	0.3789164091723178
2.0	0.8	1.5	1.5	-2.7747415727115072	0.41099352916564424
2.0	0.8	1.5	2.0	-3.2596918813819857	0.43256223538375627
2.0	0.8	2.0	0.0	-2.0676554841904133	0.2531471572711651
2.0	0.8	2.0	0.5	-2.2270815034612075	0.2752640096027525
2.0	0.8	2.0	1.0	-2.594988383701536	0.31993892419863784
2.0	0.8	2.0	1.5	-3.0278142803077754	0.3605700226589479
2.0	0.8	2.0	2.0	-3.475252052617216	0.39066092390984164
2.0	1.0	0.0	0.0	-0.9640275800758169	0.48201379003790845
2.0	1.0	0.0	0.5	-1.3528696259389752	0.48826970500878336
2.0	1.0	0.0	1.0	-1.9496676022647426	0.49515524824816004
2.0	1.0	0.0	1.5	-2.4862397733081076	0.49818404922634546
2.0	1.0	0.0	2.0	-2.9959784956584135	0.4993297492764022
2.0	1.0	0.5	0.0	-1.0357516522433046	0.4570004051314498
2.0	1.0	0.5	0.5	-1.4068988102819664	0.4679381450256443
2.0	1.0	0.5	1.0	-1.9905343278894851	0.48106121163090654
2.0	1.0	0.5	1.5	-2.521392002483585	0.4879972536926718
2.0	1.0	0.5	2.0	-3.0270344921614294	0.491572300991298
2.0	1.0	1.0	0.0	-1.2691435861458906	0.3912964299930226
2.0	1.0	1.0	0.5	-1.583128318661381	0.41240178530019883
2.0	1.0	1.0	1.0	-2.1182760883222875	0.4410717622407847
2.0	1.0	1.0	1.5	-2.6280535380523196	0.4586902674624855
2.0	1.0	1.0	2.0	-3.1202781597131066	0.4691148903308376
2.0	1.0	1.5	0.0	-1.6582766465577523	0.31173061181094114
2.0	1.0	1.5	0.5	-1.889746893020367	0.3395361736049869
2.0	1.0	1.5	1.0	-2.3390447476085265	0.3834084496120202
2.0	1.0	1.5	1.5	-2.807502530411049	0.41450219506324065
2.0	1.0	1.5	2.0	-3.27524891320388	0.43452347848372386
2.0	1.0	2.0	0.0	-2.1348639107859744	0.24400289162621752
2.0	1.0	2.0	0.5	-2.2927298189363228	0.2710899265844436
2.0	1.0	2.0	1.0	-2.6448817390618236	0.3210446335820109
2.0	1.0	2.0	1.5	-3.056500589994179	0.36256769699490926
2.0	1.0	2.0	2.0	-3.489481501311069	0.3920345357101946
2.0	1.2	0.0	0.0	-0.9836748576936801	0.49183742884684006
2.0	1.2	0.0	0.5	-1.4058921020330413	0.49547538979836386
2.0	1.2	0.0	1.0	-1.9792626189212694	0.49852120657147564
2.0	1.2	0.0	1.5	-2.49619072841514	0.4995508027355189
2.0	1.2	0.0	2.0	-2.9991874202671056	0.4998645700445176
2.0	1.2	0.5	0.0	-1.0542708368702645	0.4640571452489253
2.0	1.2	0.5	0.5	-1.457295905321096	0.4742949836984271
2.0	1.2	0.5	1.0	-2.020009233619239	0.48439912528875756
2.0	1.2	0.5	1.5	-2.531601115573023	0.48937611644853335
2.0	1.2	0.5	2.0	-3.030359698337159	0.49210813581169766
2.0	1.2	1.0	0.0	-1.2950042564350566	0.3905171522102692
2.0	1.2	1.0	0.5	-1.6290220004144302	0.41533647896199527
2.0	1.2	1.0	1.0	-2.146765438566556	0.44386604173495103
2.0	1.2	1.0	1.5	-2.638642621545815	0.45999226016389844
2.0	1.2	1.0	2.0	-3.1238323833674615	0.4696304487075134
2.0	1.2	1.5	0.0	-1.6973711675288203	0.30472291787656314
2.0	1.2	1.5	0.5	-1.9316677616829736	0.3380843810146589
2.0	1.2	1.5	1.0	-2.3646813831866154	0.38484937128298624
2.0	1.2	1.5	1.5	-2.817821280034305	0.4154901714051151
2.0	1.2	1.5	2.0	-3.2788843038851696	0.4349595335317661
2.0	1.2	2.0	0.0	-2.17418026882908	0.23683243333822146
2.0	1.2	2.0	0.5	-2.3274210712008623	0.2677899601933664
2.0	1.2	2.0	1.0	-2.6656110792627183	0.321136367137788
2.0	1.2	2.0	1.5	-3.0655048290808553	0.36309287652119043
2.0	1.2	2.0	2.0	-3.492858720187239	0.39233522811355287
2.0	1.4	0.0	0.0	-0.992631520201128	0.496315760100564
2.0	1.4	0.0	0.5	-1.4384835389017934	0.49828373247158964
2.0	1.4	0.0	1.0	-1.9912911892710998	0.4995521229656974
2.0	1.4	0.0	1.5	-2.4989375935562053	0.49988913402666146
2.0	1.4	0.0	2.0	-2.9998359163783466	0.4999726527297244
2.0	1.4	0.5	0.0	-1.0630685472355412	0.46677442107579004
2.0	1.4	0.5	0.5	-1.4887847018102058	0.47692976013930066
2.0	1.4	0.5	1.0	-2.0323755155145378	0.4855135030735384
2.0	1.4	0.5	1.5	-2.5345405016009632	0.48973688373494506
2.0	1.4	0.5	2.0	-3.0310590803154565	0.49221973857529283
2.0	1.4	1.0	0.0	-1.3125431793309086	0.38752226372332355
2.0	1.4	1.0	0.5	-1.6581940079045905	0.41625681369166584
2.0	1.4	1.0	1.0	-2.1593692798044275	0.44489983681787465
2.0	1.4	1.0	1.5	-2.6419348729329544	0.4603650311373272
2.0	1.4	1.0	2.0	-3.124640175007362	0.4697443359327753
2.0	1.4	1.5	0.0	-1.724982580013143	0.2983189482871105
2.0	1.4	1.5	0.5	-1.957241269695127	0.3365838415165993
2.0	1.4	1.5	1.0	-2.3761695148509423	0.38535351998939554
2.0	1.4	1.5	1.5	-2.8211801304212654	0.41578386286043917
2.0	1.4	1.5	2.0	-3.2797590665731073	0.43505974106506196
2.0	1.4	2.0	0.0	-2.198062931503986	0.2319369709110198
2.0	1.4	2.0	0.5	-2.3463146843745033	0.2656899191298147
2.0	1.4	2.0	1.0	-2.674470702651866	0.3210863557765432
2.0	1.4	2.0	1.5	-3.068418224796599	0.3632412955083142
2.0	1.4	2.0	2.0	-3.493683951846517	0.392404036983135
2.0	1.6	0.0	0.0	-0.9966823978396511	0.49834119891982553
2.0	1.6	0.0	0.5	-1.4592489273419915	0.499355767320079
2.0	1.6	0.0	1.0	-1.9962772029558922	0.4998647855094517
2.0	1.6	0.0	1.5	-2.4997011228344506	0.49997265420782805
2.0	1.6	0.0	2.0	-2.9999668710035206	0.49999447850058676
2.0	1.6	0.5	0.0	-1.0676225240575552	0.4676032144421125
2.0	1.6	0.5	0.5	-1.5092575690327807	0.4780794972107039
2.0	1.6	0.5	1.0	-2.037692725802471	0.4858997173322024
2.0	1.6	0.5	1.5	-2.53540143719182	0.4898330306889853
2.0	1.6	0.5	2.0	-3.031207545246001	0.49224315530251567
2.0	1.6	1.0	0.0	-1.326201807424051	0.38391700352361324
2.0	1.6	1.0	0.5	-1.6774249041775167	0.4165127554969993
2.0	1.6	1.0	1.0	-2.1650940473613884	0.44530940892213483
2.0	1.6	1.0	1.5	-2.6429849196248267	0.4604759664132111
2.0	1.6	1.0	2.0	-3.124827461646961	0.4697700023143676
2.0	1.6	1.5	0.0	-1.745286787962395	0.2930967318650415
2.0	1.6	1.5	0.5	-1.9731782639670559	0.3354556607343997
2.0	1.6	1.5	1.0	-2.381427133828457	0.38554654466260974
2.0	1.6	1.5	1.5	-2.8222995007990397	0.41587536569344385
2.0	1.6	1.5	2.0	-3.2799741160353832	0.43508343674944566
2.0	1.6	2.0	0.0	-2.212738285546841	0.22877742668050738
2.0	1.6	2.0	0.5	-2.3567242348994877	0.2644527493851522
2.0	1.6	2.0	1.0	-2.678318008438108	0.321043712342936
2.0	1.6	2.0	1.5	-3.0693792654206518	0.3632858643121262
2.0	1.6	2.0	2.0	-3.493889570829297	0.392420358911663
2.0	1.8	0.0	0.0	-0.9985079423323266	0.4992539711661633
2.0	1.8	0.0	0.5	-1.4728089018474237	0.4997598027599354
2.0	1.8	0.0	1.0	-1.9983857024361686	0.4999592330924217
2.0	1.8	0.0	1.5	-2.499915199684908	0.49999325615258355
2.0	1.8	0.0	2.0	-2.999993311326753	0.49999888522112557
2.0	1.8	0.5	0.0	-1.0703371154715406	0.46762000417026867
2.0	1.8	0.5	0.5	-1.5228877948548347	0.4786241876235696
2.0	1.8	0.5	1.0	-2.0400282671092955	0.48604024541271995
2.0	1.8	0.5	1.5	-2.535657808825516	0.48985920888671863
2.0	1.8	0.5	2.0	-3.031239343832097	0.4922481059244124
2.0	1.8	1.0	0.0	-1.3376976558858291	0.38031899467859204
2.0	1.8	1.0	0.5	-1.6903096017371049	0.41656189019338574
2.0	1.8	1.0	1.0	-2.167741354852512	0.4454816268207202
2.0	1.8	1.0	1.5	-2.6433263450800966	0.46051011190153546
2.0	1.8	1.0	2.0	-3.124871569059192	0.4697758890783181
2.0	1.8	1.5	0.0	-1.7603928068543957	0.28904047433387037
2.0	1.8	1.5	0.5	-1.9831785886200683	0.3346892311122043
2.0	1.8	1.5	1.0	-2.3838627146511167	0.3856261508798428
2.0	1.8	1.5	1.5	-2.8226782928334933	0.41590490826632376
2.0	1.8	1.5	2.0	-3.2800277787152896	0.4350891693133789
2.0	1.8	2.0	0.0	-2.2217687048603927	0.2267915921344239
2.0	1.8	2.0	0.5	-2.362480839871742	0.2637477135101336
2.0	1.8	2.0	1.0	-2.680003141212	0.3210201958711001
2.0	1.8	2.0	1.5	-3.0696999969035583	0.36329985777755314
2.0	1.8	2.0	2.0	-3.493941459723387	0.39242433617388117
2.0	2.0	0.0	0.0	-0.999329299739067	0.4996646498695335
2.0	2.0	0.0	0.5	-1.4817924967556786	0.49991084123580704
2.0	2.0	0.0	1.0	-1.999292455519413	0.49998771584712043
2.0	2.0	0.0	1.5	-2.4999757468512573	0.49999833695554563
2.0	2.0	0.0	2.0	-2.9999986495783593	0.4999997749297265
2.0	2.0	0.5	0.0	-1.0722528197773857	0.4672912921789047
2.0	2.0	0.5	0.5	-1.5320717443862153	0.478908447374699
2.0	2.0	0.5	1.0	-2.0410707328095463	0.4860940848507355
2.0	2.0	0.5	1.5	-2.535735253245632	0.4898664953296241
2.0	2.0	0.5	2.0	-3.0312462098871777	0.4922491601217917
2.0	2.0	1.0	0.0	-1.347708410543405	0.37695728944272033
2.0	2.0	1.0	0.5	-1.698989587820897	0.41655363523352973
2.0	2.0	1.0	1.0	-2.168979401407815	0.44555733711827944
2.0	2.0	1.0	1.5	-2.6434388827249276	0.46052090871260215
2.0	2.0	1.0	2.0	-3.1248820816557075	0.4697772594395591
2.0	2.0	1.5	0.0	-1.7716301434345092	0.28596727974753994
2.0	2.0	1.5	0.5	-1.9894601304173203	0.3341903168648429
2.0	2.0	1.5	1.0	-2.3849986521624666	0.3856607498420632
2.0	2.0	1.5	1.5	-2.822807711895427	0.4159146887445176
2.0	2.0	1.5	2.0	-3.2800413084978866	0.43509058073402485
2.0	2.0	2.0	0.0	-2.2273166623010785	0.2255601926746918
2.0	2.0	2.0	0.5	-2.36566699438247	0.26335208488271955
2.0	2.0	2.0	1.0	-2.6807446376703714	0.3210087356904019
2.0	2.0	2.0	1.5	-3.0698077742634746	0.36330438507759943
2.0	2.0	2.0	2.0	-3.493954662600042	0.39242532412717696
4.0	0.2	0.0	0.0	-0.20475372960791494	0.01944899177060355
4.0	0.2	0.0	0.5	-0.29265641053998304	0.02168392810036699
4.0	0.2	0.0	1.0	-0.5461676474814815	0.028244627560520458
4.0	0.2	0.0	1.5	-0.9383732698403393	0.03870365976778445
4.0	0.2	0.0	2.0	-1.4342618434158954	0.05237854652508368
4.0	0.2	0.5	0.0	-0.2518967935426521	0.019201037629352886
4.0	0.2	0.5	0.5	-0.33904953632974477	0.021409646873331398
4.0	0.2	0.5	1.0	-0.5904743306532583	0.02789598423929665
4.0	0.2	0.5	1.5	-0.9796663046449121	0.03824504979081829
4.0	0.2	0.5	2.0	-1.4720923060220157	0.05179101609247948
4.0	0.2	1.0	0.0	-0.3916449034024179	0.018483051852297393
4.0	0.2	1.0	0.5	-0.47660908059038176	0.020615108900219184
4.0	0.2	1.0	1.0	-0.721938739788562	0.026884916171382604
4.0	0.2	1.0	1.5	-1.102310584360452	0.03691292682507524
4.0	0.2	1.0	2.0	-1.5845783539761205	0.05008112277915896
4.0	0.2	1.5	0.0	-0.6191253822987258	0.01736723532697825
4.0	0.2	1.5	0.5	-0.70063556554034	0.019379363391969554
4.0	0.2	1.5	1.0	-0.9363268774553761	0.02530902111526164
4.0	0.2	1.5	1.5	-1.302701044221213	0.034830084913482454
4.0	0.2	1.5	2.0	-1.76877256535533	0.04739753950245472
4.0	0.2	2.0	0.0	-0.9267553735951075	0.015957647313139568
4.0	0.2	2.0	0.5	-1.0038026275830434	0.01781654344602792
4.0	0.2	2.0	1.0	-1.2270051585923278	0.023309904214216436
4.0	0.2	2.0	1.5	-1.5751487733292278	0.032175950314425675
4.0	0.2	2.0	2.0	-2.0199857936221433	0.043959324747856465
4.0	0.4	0.0	0.0	-0.42592256131239886	0.07070706049952381
4.0	0.4	0.0	0.5	-0.6868630584514903	0.0855851563876746
4.0	0.4	0.0	1.0	-1.284918413927203	0.11834910556378439
4.0	0.4	0.0	1.5	-1.9601097321978933	0.15204269006560944
4.0	0.4	0.0	2.0	-2.6096565869905057	0.17973864401291223
4.0	0.4	0.5	0.0	-0.5036436036995529	0.06757411976552506
4.0	0.4	0.5	0.5	-0.7562400162398917	0.08200345799898676
4.0	0.4	0.5	1.0	-1.3392588525559326	0.11407031806827445
4.0	0.4	0.5	1.5	-2.002903936218332	0.14746360938206587
4.0	0.4	0.5	2.0	-2.6449905779450944	0.1752442103236684
4.0	0.4	1.0	0.0	-0.7296275139805394	0.05923654153443399
4.0	0.4	1.0	0.5	-0.9593275064032268	0.07239106859792006
4.0	0.4	1.0	1.0	-1.5001015864675715	0.10238240598248023
4.0	0.4	1.0	1.5	-2.130334067728546	0.13474098308206514
4.0	0.4	1.0	2.0	-2.7504016204490296	0.16258851588989848
4.0	0.4	1.5	0.0	-1.0835448174520177	0.04820957322875539
4.0	0.4	1.5	0.5	-1.281226303060186	0.05948391075441996
4.0	0.4	1.5	1.0	-1.7603465620971905	0.0861682853025042
4.0	0.4	1.5	1.5	-2.339073955534613	0.11651253702686118
4.0	0.4	1.5	2.0	-2.9238709109268974	0.1439794211382325
4.0	0.4	2.0	0.0	-1.5358443210168118	0.03707708689091792
4.0	0.4	2.0	0.5	-1.6987769401741604	0.04620157284637251
4.0	0.4	2.0	1.0	-2.1072256337133215	0.06875485054906501
4.0	0.4	2.0	1.5	-2.62249463259541	0.09605068917838237
4.0	0.4	2.0	2.0	-3.1614084913390084	0.12230838653320812
4.0	0.6	0.0	0.0	-0.6388060025401029	0.13313589175114385
4.0	0.6	0.0	0.5	-1.0758773070318135	0.16150521942686263
4.0	0.6	0.0	1.0	-1.7628726481979673	0.19869832023924272
4.0	0.6	0.0	1.5	-2.370520439117946	0.22127837423990016
4.0	0.6	0.0	2.0	-2.9259987140779806	0.23398757149239321
4.0	0.6	0.5	0.0	-0.7228109562918817	0.12265010200486384
4.0	0.6	0.5	0.5	-1.1383740151469643	0.1507216288469561
4.0	0.6	0.5	1.0	-1.807433076988843	0.18887491990287078
4.0	0.6	0.5	1.5	-2.407250908682805	0.21298766128741972
4.0	0.6	0.5	2.0	-2.957826535713925	0.2271113995001064
4.0	0.6	1.0	0.0	-0.969656625257503	0.09697490346670709
4.0	0.6	1.0	0.5	-1.3267477282382552	0.12328738106074014
4.0	0.6	1.0	1.0	-1.9421939971971112	0.1626684409602314
4.0	0.6	1.0	1.5	-2.517454607345999	0.19023715634078067
4.0	0.6	1.0	2.0	-3.0529682047806648	0.20790065795700466
4.0	0.6	1.5	0.0	-1.3569009382953756	0.06802809188053724
4.0	0.6	1.5	0.5	-1.6361762450601933	0.09023282082801556
4.0	0.6	1.5	1.0	-2.1676858228697617	0.12812736445357364
4.0	0.6	1.5	1.5	-2.700388512312577	0.15850761977110334
4.0	0.6	1.5	2.0	-3.2101392956047996	0.18011828702319657
4.0	0.6	2.0	0.0	-1.8411376959930386	0.04448264629011164
4.0	0.6	2.0	0.5	-2.04503196365223	0.06118581197543149
4.0	0.6	2.0	1.0	-2.477956828188671	0.0939499868525201
4.0	0.6	2.0	1.5	-2.952636467589803	0.12442187515971473
4.0	0.6	2.0	2.0	-3.426477218219351	0.14861126051560536
4.0	0.8	0.0	0.0	-0.8010837587207202	0.18458342746465717
4.0	0.8	0.0	0.5	-1.319958588606258	0.21212424887003592
4.0	0.8	0.0	1.0	-1.933101773656174	0.23357115921901028
4.0	0.8	0.0	1.5	-2.4705473539195704	0.2426633624498801
4.0	0.8	0.0	2.0	-2.985915194170003	0.24669429383829836
4.0	0.8	0.5	0.0	-0.8772075697373001	0.16548878404436262
4.0	0.8	0.5	0.5	-1.3712587712183892	0.19568514237347742
4.0	0.8	0.5	1.0	-1.9742533226333245	0.221148359813489
4.0	0.8	0.5	1.5	-2.5061970123153667	0.2331168741627788
4.0	0.8	0.5	2.0	-3.017202320281255	0.23919384483963455
4.0	0.8	1.0	0.0	-1.1124159264564268	0.12084006356133548
4.0	0.8	1.0	0.5	-1.5319655911970949	0.15418218082760307
4.0	0.8	1.0	1.0	-2.098804536809167	0.18801453483997274
4.0	0.8	1.0	1.5	-2.6129196693057954	0.20695392364331233
4.0	0.8	1.0	2.0	-3.110617108492051	0.21826570662146244
4.0	0.8	1.5	0.0	-1.498269576212201	0.07557953316866298
4.0	0.8	1.5	0.5	-1.8107977606562744	0.10581506505868844
4.0	0.8	1.5	1.0	-2.308239769095206	0.1446156527509994
4.0	0.8	1.5	1.5	-2.7895421111475183	0.17061707627427428
4.0	0.8	1.5	2.0	-3.2646444476166043	0.18809298096484942
4.0	0.8	2.0	0.0	-1.9824237833619094	0.04420257127003897
4.0	0.8	2.0	0.5	-2.193825306410049	0.06636172628408182
4.0	0.8	2.0	1.0	-2.599005452653623	0.10256248710492633
4.0	0.8	2.0	1.5	-3.03260553540819	0.13195797051271774
4.0	0.8	2.0	2.0	-3.476273365550118	0.15407049455712082
4.0	1.0	0.0	0.0	-0.9004126814248982	0.2170056645859055
4.0	1.0	0.0	0.5	-1.430600982719518	0.23555164988794292
4.0	1.0	0.0	1.0	-1.9815000404967427	0.24501050304598646
4.0	1.0	0.0	1.5	-2.4931355896816054	0.2481787200095169
4.0	1.0	0.0	2.0	-2.9972431866005755	0.24932976602785764
4.0	1.0	0.5	0.0	-0.9681043766182474	0.19173390111628363
4.0	1.0	0.5	0.5	-1.4782284003164692	0.21679083836445498
4.0	1.0	0.5	1.0	-2.0225739093636736	0.23179071278342184
4.0	1.0	0.5	1.5	-2.528746623478354	0.23830512677306526
4.0	1.0	0.5	2.0	-3.028461925678913	0.2416935023556663
4.0	1.0	1.0	0.0	-1.1890374657370681	0.13310407187084478
4.0	1.0	1.0	0.5	-1.6274029971373702	0.1688285223109105
4.0	1.0	1.0	1.0	-2.146150367492024	0.19643810437652845
4.0	1.0	1.0	1.5	-2.6351677367814412	0.21124082893968762
4.0	1.0	1.0	2.0	-3.1216221572812968	0.22038989027245667
4.0	1.0	1.5	0.0	-1.5701729733191951	0.07682498929978626
4.0	1.0	1.5	0.5	-1.8898654047286239	0.11257221614063265
4.0	1.0	1.5	1.0	-2.3522886754450765	0.15000434809583763
4.0	1.0	1.5	1.5	-2.810778149604342	0.17366141077959182
4.0	1.0	1.5	2.0	-3.2750894550341467	0.18969190298908
4.0	1.0	2.0	0.0	-2.0501289961041964	0.04195523114480552
4.0	1.0	2.0	0.5	-2.2567721654920283	0.06782086043533796
4.0	1.0	2.0	1.0	-2.6369726258827884	0.1051371251150616
4.0	1.0	2.0	1.5	-3.0517361133771965	0.1337546327108748
4.0	1.0	2.0	2.0	-3.4857440768988455	0.15511860775974573
4.0	1.2	0.0	0.0	-0.9528189827676099	0.23431601932044144
4.0	1.2	0.0	0.5	-1.4738682043142612	0.24470938134718412
4.0	1.2	0.0	1.0	-1.994795848757003	0.2484995674257763
4.0	1.2	0.0	1.5	-2.4983617939600005	0.2495503456855363
4.0	1.2	0.0	2.0	-2.9994515028191575	0.24986457034886883
4.0	1.2	0.5	0.0	-1.0160675817910723	0.20579206473517453
4.0	1.2	0.5	0.5	-1.521663905787247	0.22532771094716322
4.0	1.2	0.5	1.0	-2.0361647324807617	0.23506352809387882
4.0	1.2	0.5	1.5	-2.534010117726573	0.23959699669149945
4.0	1.2	0.5	2.0	-3.030661638769957	0.24220008941852436
4.0	1.2	1.0	0.0	-1.2288724013095167	0.13865539922967618
4.0	1.2	1.0	0.5	-1.6690766153190622	0.17516291042206286
4.0	1.2	1.0	1.0	-2.160255961798782	0.19907944721877502
4.0	1.2	1.0	1.5	-2.6404770119996277	0.21230901270047503
4.0	1.2	1.0	2.0	-3.123782058784255	0.22081792359113878
4.0	1.2	1.5	0.0	-1.608709898367048	0.07564876995843084
4.0	1.2	1.5	0.5	-1.9256423610401643	0.11541761331709954
4.0	1.2	1.5	1.0	-2.3661822654165117	0.15170226364530456
4.0	1.2	1.5	1.5	-2.8159653610885367	0.17441238708548612
4.0	1.2	1.5	2.0	-3.2771434519625826	0.19000904492913143
4.0	1.2	2.0	0.0	-2.08504802216358	0.03973454606942674
4.0	1.2	2.0	0.5	-2.284381463453958	0.06814090342520039
4.0	1.2	2.0	1.0	-2.6491887043967886	0.1058940604791795
4.0	1.2	2.0	1.5	-3.0564453779588097	0.13417988523948512
4.0	1.2	2.0	2.0	-3.487591595936104	0.15531921313328317
4.0	1.4	0.0	0.0	-0.9782679396618776	0.24276489802764872
4.0	1.4	0.0	0.5	-1.4900851657625465	0.24808157869534764
4.0	1.4	0.0	1.0	-1.9985068856286945	0.2495490402967179
4.0	1.4	0.0	1.5	-2.4996032775538066	0.249889096842358
4.0	1.4	0.0	2.0	-2.9998900004511846	0.24997265273527586
4.0	1.4	0.5	0.0	-1.040096772234434	0.21285158317895753
4.0	1.4	0.5	0.5	-1.5387547294269333	0.22861418086810686
4.0	1.4	0.5	1.0	-2.040049735487739	0.2360574169518973
4.0	1.4	0.5	1.5	-2.535270315812182	0.23991683908703726
4.0	1.4	0.5	2.0	-3.0310990313041284	0.24230240117318122
4.0	1.4	1.0	0.0	-1.2498832125354107	0.1408384314102502
4.0	1.4	1.0	0.5	-1.6872438898838782	0.17786009969749117
4.0	1.4	1.0	1.0	-2.1645409642564393	0.19990226904559424
4.0	1.4	1.0	1.5	-2.6417742561069315	0.21257468030903517
4.0	1.4	1.0	2.0	-3.124212862663053	0.22090405903644172
4.0	1.4	1.5	0.0	-1.6311816893147262	0.07375356835389352
4.0	1.4	1.5	0.5	-1.9423386517903187	0.11664094271246807
4.0	1.4	1.5	1.0	-2.370684647433641	0.1522403487102347
4.0	1.4	1.5	1.5	-2.817262342938276	0.17459850322793163
4.0	1.4	1.5	2.0	-3.2775536868751525	0.19007211059338405
4.0	1.4	2.0	0.0	-2.1044463402462723	0.03799331089499095
4.0	1.4	2.0	0.5	-2.297070624054218	0.06815702507731389
4.0	1.4	2.0	1.0	-2.653257283538961	0.10612001150645155
4.0	1.4	2.0	1.5	-3.057634668228526	0.13428177709219266
4.0	1.4	2.0	2.0	-3.4879581565998508	0.15535791066315374
4.0	1.6	0.0	0.0	-0.99012362307769	0.2467096967016888
4.0	1.6	0.0	0.5	-1.4961712220582661	0.24930404336193257
4.0	1.6	0.0	1.0	-1.999564991035537	0.24986435613933056
4.0	1.6	0.0	1.5	-2.4999031335083224	0.24997265126403226
4.0	1.6	0.0	2.0	-2.999977858804745	0.2499944785006882
4.0	1.6	0.5	0.0	-1.0519287570929894	0.21630773897689004
4.0	1.6	0.5	0.5	-1.5455160414282698	0.22986809171510916
4.0	1.6	0.5	1.0	-2.0411832235862555	0.23635930732762203
4.0	1.6	0.5	1.5	-2.5355768471572078	0.23999599430174748
4.0	1.6	0.5	2.0	-3.031186744486469	0.2423230548505405
4.0	1.6	1.0	0.0	-1.2614601076622745	0.1414160537673781
4.0	1.6	1.0	0.5	-1.6953294153647527	0.17902537684058273
4.0	1.6	1.0	1.0	-2.165870451344712	0.20016002731983323
4.0	1.6	1.0	1.5	-2.642095953435224	0.21264092912673838
4.0	1.6	1.0	2.0	-3.1242994679671403	0.22092140931005422
4.0	1.6	1.5	0.0	-1.645536169728476	0.07179551935866457
4.0	1.6	1.5	0.5	-1.950429219385453	0.1171868719948065
4.0	1.6	1.5	1.0	-2.3721821739679463	0.15241360599510534
4.0	1.6	1.5	1.5	-2.8175918857808564	0.174645010362443
4.0	1.6	1.5	2.0	-3.277636342995973	0.19008470336974168
4.0	1.6	2.0	0.0	-2.1158919275612997	0.036734064845432374
4.0	1.6	2.0	0.5	-2.30315553344591	0.06811299210594086
4.0	1.6	2.0	1.0	-2.654654631640427	0.1061890662343609
4.0	1.6	2.0	1.5	-3.0579409956241834	0.13430656157025941
4.0	1.6	2.0	2.0	-3.488031747393635	0.15536544176458988
4.0	1.8	0.0	0.0	-0.9955393543836026	0.248513488064106
4.0	1.8	0.0	0.5	-1.4984923011870688	0.2497467745038872
4.0	1.8	0.0	1.0	-1.9998718850980874	0.24995917398084147
4.0	1.8	0.0	1.5	-2.4999762416932323	0.24999325592333704
4.0	1.8	0.0	2.0	-2.99999553588463	0.2499988852211274
4.0	1.8	0.5	0.0	-1.0577576561557003	0.21798908738654038
4.0	1.8	0.5	0.5	-1.5482361126383424	0.23034888628456168
4.0	1.8	0.5	1.0	-2.0415192987019966	0.2364512097836344
4.0	1.8	0.5	1.5	-2.5356520697428877	0.24001559150973453
4.0	1.8	0.5	2.0	-3.031204402640948	0.2423272243522112
4.0	1.8	1.0	0.0	-1.2682730042246515	0.14124046395299406
4.0	1.8	1.0	0.5	-1.699022642851025	0.1795412313397908
4.0	1.8	1.0	1.0	-2.166289917725751	0.20024138525591845
4.0	1.8	1.0	1.5	-2.6421764307178552	0.21265749771701964
4.0	1.8	1.0	2.0	-3.1243169467578036	0.22092490820386237
4.0	1.8	1.5	0.0	-1.655471890928233	0.07000820838795284
4.0	1.8	1.5	0.5	-1.9544882698996893	0.11744059252627632
4.0	1.8	1.5	1.0	-2.3726911226627907	0.15247037479531247
4.0	1.8	1.5	1.5	-2.817676570442313	0.17465672659956133
4.0	1.8	1.5	2.0	-3.277653092419664	0.19008722799168684
4.0	1.8	2.0	0.0	-2.122942276140723	0.03585690231871219
4.0	1.8	2.0	0.5	-2.3061743349169253	0.06807125925426119
4.0	1.8	2.0	1.0	-2.6551468511404224	0.1062107211401979
4.0	1.8	2.0	1.5	-3.058021153041337	0.13431268108626562
4.0	1.8	2.0	2.0	-3.488046661498633	0.1553669200583576
4.0	2.0	0.0	0.0	-0.997991042968345	0.24933042252885435
4.0	2.0	0.0	0.5	-1.4993951710556503	0.24990758744505454
4.0	2.0	0.0	1.0	-1.9999619894919711	0.24998770776210943
4.0	2.0	0.0	1.5	-2.4999941585223957	0.24999833693788895
4.0	2.0	0.0	2.0	-2.9999990992656373	0.24999977492972658
4.0	2.0	0.5	0.0	-1.0606550645220785	0.21880781340729447
4.0	2.0	0.5	0.5	-1.5493508853373557	0.23053491053801847
4.0	2.0	0.5	1.0	-2.0416200835967118	0.23647924355269825
4.0	2.0	0.5	1.5	-2.5356706181956428	0.24002044529732058
4.0	2.0	0.5	2.0	-3.0312079638063008	0.24232806615783697
4.0	2.0	1.0	0.0	-1.2726331379917553	0.14071528189234064
4.0	2.0	1.0	0.5	-1.7007522925866452	0.1797756399072475
4.0	2.0	1.0	1.0	-2.1664239471865496	0.20026725117979677
4.0	2.0	1.0	1.5	-2.6421966721465533	0.21266165223401695
4.0	2.0	1.0	2.0	-3.1243204821149724	0.22092561455817766
4.0	2.0	1.5	0.0	-1.6627765723101982	0.06846029228110999
4.0	2.0	1.5	0.5	-1.9565841000963835	0.11756312787672794
4.0	2.0	1.5	1.0	-2.3728671582872485	0.15248929103715594
4.0	2.0	1.5	1.5	-2.817698522953041	0.17465970068315975
4.0	2.0	1.5	2.0	-3.2776565015925865	0.19008773607068755
4.0	2.0	2.0	0.0	-2.127409622803939	0.03525814984995722
4.0	2.0	2.0	0.5	-2.30771050396808	0.06804255550382529
4.0	2.0	2.0	1.0	-2.655323806304546	0.1062176917957297
4.0	2.0	2.0	1.5	-3.0580424079655613	0.13431421402363503
4.0	2.0	2.0	2.0	-3.4880497090929365	0.15536721265308734
6.0	0.2	0.0	0.0	-0.19766318026007115	0.0025628997108196384
6.0	0.2	0.0	0.5	-0.28620960812181956	0.0032947134160055216
6.0	0.2	0.0	1.0	-0.5413272058557559	0.005585112393878375
6.0	0.2	0.0	1.5	-0.935394393786979	0.009652040003066659
6.0	0.2	0.0	2.0	-1.4328075796389832	0.01568213384962557
6.0	0.2	0.5	0.0	-0.24493890532051554	0.0025139748910153865
6.0	0.2	0.5	0.5	-0.3327205403081593	0.0032322626253570596
6.0	0.2	0.5	1.0	-0.5857160645349798	0.005481773940901065
6.0	0.2	0.5	1.5	-0.9767315185528457	0.009480700722441624
6.0	0.2	0.5	2.0	-1.4706547047545644	0.015418749609268862
6.0	0.2	1.0	0.0	-0.3850676615372945	0.002374101872797882
6.0	0.2	1.0	0.5	-0.4706184942909069	0.0030536274519832804
6.0	0.2	1.0	1.0	-0.7174173457444605	0.0051857597249456875
6.0	0.2	1.0	1.5	-1.0995036608323143	0.008988855128736392
6.0	0.2	1.0	2.0	-1.583189600432494	0.014660737297563073
6.0	0.2	1.5	0.0	-0.6131290136769552	0.0021621219211476026
6.0	0.2	1.5	0.5	-0.6951625469174848	0.0027826335718362447
6.0	0.2	1.5	1.0	-0.9321701967443315	0.004735454725147241
6.0	0.2	1.5	1.5	-1.3000933254707545	0.008237558246880106
6.0	0.2	1.5	2.0	-1.7674615230887032	0.013497065450174156
6.0	0.2	2.0	0.0	-0.9214730807990538	0.001904004662683106
6.0	0.2	2.0	0.5	-0.9989678905078715	0.0024521965656521816
6.0	0.2	2.0	1.0	-1.2233026007602066	0.004184216161632478
6.0	0.2	2.0	1.5	-1.5727933175188118	0.0073124371118635
6.0	0.2	2.0	2.0	-2.018776124664928	0.012053833679010311
6.0	0.4	0.0	0.0	-0.38670375701992676	0.01822845729533407
6.0	0.4	0.0	0.5	-0.6652611629465187	0.028860989690822212
6.0	0.4	0.0	1.0	-1.282417837876888	0.05275291782831228
6.0	0.4	0.0	1.5	-1.9617015045486383	0.07869803749655906
6.0	0.4	0.0	2.0	-2.6106564689275964	0.10153744139013406
6.0	0.4	0.5	0.0	-0.46681088914970265	0.01701051279861951
6.0	0.4	0.5	0.5	-0.735714063013841	0.02704431457355638
6.0	0.4	0.5	1.0	-1.336750043733124	0.04990427245011766
6.0	0.4	0.5	1.5	-2.0044151029367154	0.07516679070811391
6.0	0.4	0.5	2.0	-2.645971579073535	0.09775308496688695
6.0	0.4	1.0	0.0	-0.6990199076983455	0.013917492566888233
6.0	0.4	1.0	0.5	-0.9417043216366351	0.022374684578595417
6.0	0.4	1.0	1.0	-1.4976086591371873	0.04239856433674946
6.0	0.4	1.0	1.5	-2.1316206282494776	0.06564333890472017
6.0	0.4	1.0	2.0	-2.7513239836636143	0.08735753157989239
6.0	0.4	1.5	0.0	-1.0608260788105013	0.0101747850634609
6.0	0.4	1.5	0.5	-1.2675082680025753	0.016602170667475772
6.0	0.4	1.5	1.0	-1.7579761088931198	0.03268981456898238
6.0	0.4	1.5	1.5	-2.3400417288095614	0.052769458549077754
6.0	0.4	1.5	2.0	-2.924692306013968	0.07279640489490846
6.0	0.4	2.0	0.0	-1.520552412547115	0.006832255535706831
6.0	0.4	2.0	0.5	-1.6890210791783575	0.011310577770258104
6.0	0.4	2.0	1.0	-2.105129461888066	0.02325183029765526
6.0	0.4	2.0	1.5	-2.623120780709734	0.03947947320805134
6.0	0.4	2.0	2.0	-3.1620909656394116	0.056992808473059285
6.0	0.6	0.0	0.0	-0.5680949623223013	0.05042255293874137
6.0	0.6	0.0	0.5	-1.0694443313802886	0.08199047365949506
6.0	0.6	0.0	1.0	-1.767318155518266	0.11769015897565088
6.0	0.6	0.0	1.5	-2.3715385574074017	0.13876150540471113
6.0	0.6	0.0	2.0	-2.9261465948993592	0.1509120689923669
6.0	0.6	0.5	0.0	-0.6587427504210717	0.04428632086847569
6.0	0.6	0.5	0.5	-1.1316823260474953	0.07377204567923325
6.0	0.6	0.5	1.0	-1.811651757527473	0.10906809314723713
6.0	0.6	0.5	1.5	-2.408279405111896	0.13103991419568978
6.0	0.6	0.5	2.0	-2.957983389744717	0.14430974826483903
6.0	0.6	1.0	0.0	-0.922115043930916	0.03060814671628435
6.0	0.6	1.0	0.5	-1.3198632416369878	0.054255570141896615
6.0	0.6	1.0	1.0	-1.945734071555073	0.08715653216126239
6.0	0.6	1.0	1.5	-2.5184920974628966	0.11062308331542532
6.0	0.6	1.0	2.0	-3.0531501370194927	0.126394822208
6.0	0.6	1.5	0.0	-1.327849025542631	0.017618590979838766
6.0	0.6	1.5	0.5	-1.6300638799767186	0.03364952978533563
6.0	0.6	1.5	1.0	-2.170194835151315	0.060881888395015536
6.0	0.6	1.5	1.5	-2.7013757280825565	0.08414203717561819
6.0	0.6	1.5	2.0	-3.210352669898601	0.1019290333927972
6.0	0.6	2.0	0.0	-1.8260588978530177	0.00915104807620963
6.0	0.6	2.0	0.5	-2.0405779108985374	0.01855967851349172
6.0	0.6	2.0	1.0	-2.4793757148679503	0.03816160552297418
6.0	0.6	2.0	1.5	-2.9534643168111905	0.05851708232471849
6.0	0.6	2.0	2.0	-3.426706794902446	0.07639432005791084
6.0	0.8	0.0	0.0	-0.7305169057843311	0.08989420952703198
6.0	0.8	0.0	0.5	-1.3307844318059543	0.1285320219277265
6.0	0.8	0.0	1.0	-1.9352256085282464	0.15046964854218292
6.0	0.8	0.0	1.5	-2.4707000649456368	0.15938331296081315
6.0	0.8	0.0	2.0	-2.9859239454187727	0.16337189718231668
6.0	0.8	0.5	0.0	-0.8128398755810338	0.07516993842363015
6.0	0.8	0.5	0.5	-1.3807032645521655	0.11378509713882541
6.0	0.8	0.5	1.0	-1.9764180707807524	0.13864055034553877
6.0	0.8	0.5	1.5	-2.5063672911937163	0.15007287650544093
6.0	0.8	0.5	2.0	-3.0172130768933436	0.15597826916062948
6.0	0.8	1.0	0.0	-1.0658716833401343	0.04511288384137202
6.0	0.8	1.0	0.5	-1.5377914525273182	0.07928132916189361
6.0	0.8	1.0	1.0	-2.100991483766141	0.10871065177785581
6.0	0.8	1.0	1.5	-2.6131425447760828	0.12553708569994748
6.0	0.8	1.0	2.0	-3.1106355151167873	0.13596259909892702
6.0	0.8	1.5	0.0	-1.4730588452750475	0.021325513562280837
6.0	0.8	1.5	0.5	-1.8127222985749156	0.04466987299987163
6.0	0.8	1.5	1.0	-2.3101679956210304	0.07335169368616419
6.0	0.8	1.5	1.5	-2.7898288398958435	0.0939815206088271
6.0	0.8	1.5	2.0	-3.26467741934016	0.10876973837106536
6.0	0.8	2.0	0.0	-1.9716678864368422	0.009204403495221544
6.0	0.8	2.0	0.5	-2.1935813754885714	0.021846768505138007
6.0	0.8	2.0	1.0	-2.6002855691448317	0.043788947563324944
6.0	0.8	2.0	1.5	-3.0328990985980315	0.0639339814547213
6.0	0.8	2.0	2.0	-3.47631892173464	0.08063976956084283
6.0	1.0	0.0	0.0	-0.8516315164623296	0.12320590880814024
6.0	1.0	0.0	0.5	-1.4415196655615674	0.15202904523719768
6.0	1.0	0.0	1.0	-1.9820652249466164	0.16169916190322
6.0	1.0	0.0	1.5	-2.4931520383275223	0.16484868719780366
6.0	1.0	0.0	2.0	-2.997243595032012	0.1659968819693518
6.0	1.0	0.5	0.0	-0.9206918156862102	0.10032101398786125
6.0	1.0	0.5	0.5	-1.4886337544093362	0.1342763668757366
6.0	1.0	0.5	1.0	-2.023202202647651	0.14879914168909572
6.0	1.0	0.5	1.5	-2.5287676922335334	0.1551100262102436
6.0	1.0	0.5	2.0	-3.02846256237838	0.15842956981503545
6.0	1.0	1.0	0.0	-1.1518799692083346	0.0548538582211767
6.0	1.0	1.0	0.5	-1.6356358052565156	0.09226173680095841
6.0	1.0	1.0	1.0	-2.1469474743139476	0.11611737801133742
6.0	1.0	1.0	1.5	-2.635207524713247	0.12945352800005452
6.0	1.0	1.0	2.0	-3.1216241073725914	0.1379516381725088
6.0	1.0	1.5	0.0	-1.5508875287631116	0.022438600741079503
6.0	1.0	1.5	0.5	-1.894106058911704	0.04999005172412274
6.0	1.0	1.5	1.0	-2.353170555201159	0.07752253161628764
6.0	1.0	1.5	1.5	-2.810848709139826	0.09650169525404699
6.0	1.0	1.5	2.0	-3.275094269416597	0.11015830788172176
6.0	1.0	2.0	0.0	-2.0427132344151793	0.008593636569590465
6.0	1.0	2.0	0.5	-2.2576345134090725	0.02304029660394127
6.0	1.0	2.0	1.0	-2.637581141047702	0.04549948678788176
6.0	1.0	2.0	1.5	-3.0518081260379275	0.06524090441896464
6.0	1.0	2.0	2.0	-3.4857478458454287	0.0814624701324859
6.0	1.2	0.0	0.0	-0.9256061046451376	0.1445895585994322
6.0	1.2	0.0	0.5	-1.4803706624670412	0.1613289612860537
6.0	1.2	0.0	1.0	-1.9949221872464895	0.16516829386416998
6.0	1.2	0.0	1.5	-2.498363387973029	0.16621721411813992
6.0	1.2	0.0	2.0	-2.9994515204083196	0.16653125535718086
6.0	1.2	0.5	0.0	-0.9864428592116359	0.116783862287741
6.0	1.2	0.5	0.5	-1.528296063841516	0.14263393901309596
6.0	1.2	0.5	1.0	-2.0363196273935875	0.15195866792616122
6.0	1.2	0.5	1.5	-2.5340125697866793	0.1563727206709448
6.0	1.2	0.5	2.0	-3.030661678787759	0.15892791689351385
6.0	1.2	1.0	0.0	-1.201353238447951	0.06061234382821026
6.0	1.2	1.0	0.5	-1.675324252283741	0.09790976468442475
6.0	1.2	1.0	1.0	-2.160511796989916	0.11845289950704724
6.0	1.2	1.0	1.5	-2.6404842338912693	0.13043517009628577
6.0	1.2	1.0	2.0	-3.1237822627775107	0.13835361726385761
6.0	1.2	1.5	0.0	-1.5940260143786193	0.022350587667118543
6.0	1.2	1.5	0.5	-1.9293479606692567	0.0523108573088614
6.0	1.2	1.5	1.0	-2.366523561317086	0.07883222416237572
6.0	1.2	1.5	1.5	-2.8159790815942416	0.09712542667569128
6.0	1.2	1.5	2.0	-3.2771431711013643	0.11043435322143334
6.0	1.2	2.0	0.0	-2.079278539479098	0.007960031120993367
6.0	1.2	2.0	0.5	-2.2849372393817347	0.02343691046691777
6.0	1.2	2.0	1.0	-2.649359101356915	0.04599885405997343
6.0	1.2	2.0	1.5	-3.0564394537902935	0.06554991939726239
6.0	1.2	2.0	2.0	-3.4875848514652716	0.08162005056723572
6.0	1.4	0.0	0.0	-0.9647123512597249	0.1561321970530537
6.0	1.4	0.0	0.5	-1.4933703787907096	0.16473887539513013
6.0	1.4	0.0	1.0	-1.9985334430038941	0.16621589830520328
6.0	1.4	0.0	1.5	-2.49960342613906	0.16655577579840128
6.0	1.4	0.0	2.0	-2.9998900011852516	0.166639320149819
6.0	1.4	0.5	0.0	-1.0229391109011454	0.12626882078341298
6.0	1.4	0.5	0.5	-1.5423129628986583	0.14580341433848076
6.0	1.4	0.5	1.0	-2.0400859835856755	0.152921351038176
6.0	1.4	0.5	1.5	-2.535270606478865	0.1566858848303722
6.0	1.4	0.5	2.0	-3.0310990341149466	0.1590286291339947
6.0	1.4	1.0	0.0	-1.2296618308014795	0.0638191641636663
6.0	1.4	1.0	0.5	-1.6911785057269044	0.10024069587387069
6.0	1.4	1.0	1.0	-2.164620071544428	0.11917961526675304
6.0	1.4	1.0	1.5	-2.6417753956884327	0.130679669288232
6.0	1.4	1.0	2.0	-3.124212819834872	0.1384345571850987
6.0	1.4	1.5	0.0	-1.619307623085766	0.02180767388644968
6.0	1.4	1.5	0.5	-1.944839938279028	0.05330512184197417
6.0	1.4	1.5	1.0	-2.370789627286609	0.07924268976919913
6.0	1.4	1.5	1.5	-2.8172600032607265	0.09727990636584201
6.0	1.4	1.5	2.0	-3.2775522660294327	0.11048925248767195
6.0	1.4	2.0	0.0	-2.09915097350614	0.007455432372555307
6.0	1.4	2.0	0.5	-2.296970942910725	0.023559707414755177
6.0	1.4	2.0	1.0	-2.6531955155391054	0.04614534856993657
6.0	1.4	2.0	1.5	-3.057601042191927	0.06562355837882737
6.0	1.4	2.0	2.0	-3.4879485242156156	0.08165040321369856
6.0	1.6	0.0	0.0	-0.983735248508321	0.16179801652949916
6.0	1.6	0.0	0.5	-1.4977293742820639	0.16596899441228516
6.0	1.6	0.0	1.0	-1.9995704432193377	0.16653104046456943
6.0	1.6	0.0	1.5	-2.4999031471449897	0.16663931867841675
6.0	1.6	0.0	2.0	-2.999977858834979	0.16666114519784186
6.0	1.6	0.5	0.0	-1.0422534599771138	0.13140142926615594
6.0	1.6	0.5	0.5	-1.5472970771689127	0.1469877380947139
6.0	1.6	0.5	1.0	-2.041191586575708	0.15321409192763108
6.0	1.6	0.5	1.5	-2.5355768824985856	0.15676342395690399
6.0	1.6	0.5	2.0	-3.0311867443852525	0.15904896260298446
6.0	1.6	1.0	0.0	-1.2461480738140323	0.06554341575975954
6.0	1.6	1.0	0.5	-1.697612384688011	0.10119819044011402
6.0	1.6	1.0	1.0	-2.165893192543797	0.11940662163820638
6.0	1.6	1.0	1.5	-2.642095787976172	0.13074065342280264
6.0	1.6	1.0	2.0	-3.1242993785635895	0.1384508621976479
6.0	1.6	1.5	0.0	-1.6350529464231347	0.021136556846017288
6.0	1.6	1.5	0.5	-1.9518376877304728	0.05373616895563623
6.0	1.6	1.5	1.0	-2.372186326644784	0.07937288952931058
6.0	1.6	1.5	1.5	-2.817584615724721	0.09731842261120931
6.0	1.6	1.5	2.0	-3.2776346357731154	0.1105002090161461
6.0	1.6	2.0	0.0	-2.1104605763844666	0.007085812626115374
6.0	1.6	2.0	0.5	-2.3024516102082178	0.023592926322911722
6.0	1.6	2.0	1.0	-2.6544779231597926	0.046188899992619846
6.0	1.6	2.0	1.5	-3.0578974616074834	0.06564131318852472
6.0	1.6	2.0	2.0	-3.4880213040331896	0.08165629420513563
6.0	1.8	0.0	0.0	-0.992605860495268	0.16445062977636846
6.0	1.8	0.0	0.5	-1.4992116861061493	0.1664131387754247
6.0	1.8	0.0	1.0	-1.9998729937376603	0.16662584226898247
6.0	1.8	0.0	1.5	-2.4999762429366084	0.16665992263548088
6.0	1.8	0.0	2.0	-2.999995535885868	0.16666555188903684
6.0	1.8	0.5	0.0	-1.0523076467713999	0.1341141330936394
6.0	1.8	0.5	0.5	-1.549099695461832	0.1474315246073513
6.0	1.8	0.5	1.0	-2.041521221870641	0.15330325378270113
6.0	1.8	0.5	1.5	-2.535652072445751	0.15678262366832976
6.0	1.8	0.5	2.0	-3.031204402204566	0.15905306757186613
6.0	1.8	1.0	0.0	-1.2560401539041726	0.06642886971006833
6.0	1.8	1.0	0.5	-1.700282783045207	0.10159590868355063
6.0	1.8	1.0	1.0	-2.166294224505767	0.11947801732923319
6.0	1.8	1.0	1.5	-2.6421759423075066	0.13075590219577343
6.0	1.8	1.0	2.0	-3.124316846967458	0.1384541501402038
6.0	1.8	1.5	0.0	-1.6454328960316769	0.020470707288228696
6.0	1.8	1.5	0.5	-1.9550851408785703	0.05392685504456096
6.0	1.8	1.5	1.0	-2.372652138751604	0.07941475843154101
6.0	1.8	1.5	1.5	-2.8176677154098937	0.09732809332080243
6.0	1.8	1.5	2.0	-3.277651310380881	0.11050240376557441
6.0	1.8	2.0	0.0	-2.117136593905686	0.006824567704683315
6.0	1.8	2.0	0.5	-2.305018173565742	0.023598687705583
6.0	1.8	2.0	1.0	-2.6549153969821107	0.046202011171654005
6.0	1.8	2.0	1.5	-3.0579741122966837	0.06564564211796572
6.0	1.8	2.0	2.0	-3.4880359923143125	0.08165744601110411
6.0	2.0	0.0	0.0	-0.9966599355820293	0.1656650952374988
6.0	2.0	0.0	0.5	-1.4997231839880614	0.16657420187239036
6.0	2.0	0.0	1.0	-1.999962214014552	0.1666543745771146
6.0	2.0	0.0	1.5	-2.4999941586354453	0.16666500360732128
6.0	2.0	0.0	2.0	-2.9999990992656875	0.16666644159644392
6.0	2.0	0.5	0.0	-1.0575458305421364	0.13554397953279693
6.0	2.0	0.5	0.5	-1.549762853987578	0.14759897227787908
6.0	2.0	0.5	1.0	-2.0416205156137126	0.15333045961903735
6.0	2.0	0.5	1.5	-2.5356706160846665	0.15678737919341743
6.0	2.0	0.5	2.0	-3.03120796331435	0.15905389635240033
6.0	2.0	1.0	0.0	-1.2621903172428748	0.06683766051719066
6.0	2.0	1.0	0.5	-1.7014148632063353	0.10176358422407972
6.0	2.0	1.0	1.0	-2.166421989181782	0.1195006180099642
6.0	2.0	1.0	1.5	-2.6421960953514643	0.13075972410685333
6.0	2.0	1.0	2.0	-3.1243203798459214	0.13845481384480576
6.0	2.0	1.5	0.0	-1.6526206349733428	0.019861538174179304
6.0	2.0	1.5	0.5	-1.9566276879536868	0.05401297524819204
6.0	2.0	1.5	1.0	-2.3728096830967185	0.07942839265291217
6.0	2.0	1.5	1.5	-2.8176891503011987	0.09733053723111874
6.0	2.0	1.5	2.0	-3.2776546998998195	0.11050284496216146
6.0	2.0	2.0	0.0	-2.1211909752439677	0.006643328940703856
6.0	2.0	2.0	0.5	-2.3062475006405982	0.023597221270322908
6.0	2.0	2.0	1.0	-2.6550670452271565	0.04620599719782371
6.0	2.0	2.0	1.5	-3.0579941483565984	0.0656467082860338
6.0	2.0	2.0	2.0	-3.488038978116173	0.08165767277461985
8.0	0.2	0.0	0.0	-0.1973865350303827	0.00037941142016179215
8.0	0.2	0.0	0.5	-0.2859654603658634	0.0005855420590860807
8.0	0.2	0.0	1.0	-0.5411592844682267	0.0012991976750054294
8.0	0.2	0.0	1.5	-0.9353046505240619	0.0027748831314476745
8.0	0.2	0.0	2.0	-1.432771279788382	0.005338284130362806
8.0	0.2	0.5	0.0	-0.24466917572674843	0.0003697846423707236
8.0	0.2	0.5	0.5	-0.3324823518167389	0.0005707809436406672
8.0	0.2	0.5	1.0	-0.5855519495796316	0.001267228635031971
8.0	0.2	0.5	1.5	-0.9766435526076137	0.002709385134489369
8.0	0.2	0.5	2.0	-1.470618970778351	0.0052190672239225515
8.0	0.2	1.0	0.0	-0.3848175166239469	0.0003426086275541741
8.0	0.2	1.0	0.5	-0.47039720660588613	0.000529085722325546
8.0	0.2	1.0	1.0	-0.7172640728719779	0.0011767705095670471
8.0	0.2	1.0	1.5	-1.0994207946883123	0.002523569460815207
8.0	0.2	1.0	2.0	-1.5831555097736807	0.004879769459077308
8.0	0.2	1.5	0.0	-0.6129079915847699	0.0003024382181338143
8.0	0.2	1.5	0.5	-0.6949664621449051	0.00046738248816866664
8.0	0.2	1.5	1.0	-0.9320332286449946	0.0010424575241686487
8.0	0.2	1.5	1.5	-1.300018239179978	0.0022462646526036426
8.0	0.2	1.5	2.0	-1.7674299983713202	0.004370250507374454
8.0	0.2	2.0	0.0	-0.9212865241052071	0.00025528018116321126
8.0	0.2	2.0	0.5	-0.998801753088032	0.0003948298684400592
8.0	0.2	2.0	1.0	-1.223185242352871	0.0008837820371474575
8.0	0.2	2.0	1.5	-1.5727277821551793	0.001916280125793795
8.0	0.2	2.0	2.0	-2.0187478563073578	0.0037584964132136144
8.0	0.4	0.0	0.0	-0.38092660171667675	0.005207778219036875
8.0	0.4	0.0	0.5	-0.6625931420452524	0.011379869752295692
8.0	0.4	0.0	1.0	-1.2822213262125879	0.02682951021917304
8.0	0.4	0.0	1.5	-1.961769674967587	0.0459460771361285
8.0	0.4	0.0	2.0	-2.6106779870251464	0.06455607604287676
8.0	0.4	0.5	0.0	-0.4615126488019856	0.004747996042498694
8.0	0.4	0.5	0.5	-0.733228195952282	0.01043263784030902
8.0	0.4	0.5	1.0	-1.3365550320177007	0.024914365307819677
8.0	0.4	0.5	1.5	-2.004479705153958	0.04321784778829843
8.0	0.4	0.5	2.0	-2.6459928392712313	0.06136811597511973
8.0	0.4	1.0	0.0	-0.6949111135178757	0.003631179217550337
8.0	0.4	1.0	0.5	-0.9396894930588167	0.00809752396708133
8.0	0.4	1.0	1.0	-1.4974211786193221	0.020045286713817192
8.0	0.4	1.0	1.5	-2.131675266673301	0.036075395383125194
8.0	0.4	1.0	2.0	-2.751344356702523	0.052824556823459864
8.0	0.4	1.5	0.0	-1.05808969924565	0.0023897482283229913
8.0	0.4	1.5	0.5	-1.266077673458868	0.005433759194794097
8.0	0.4	1.5	1.0	-1.7578074437455957	0.014168681396084033
8.0	0.4	1.5	1.5	-2.340082236816077	0.026964377471828366
8.0	0.4	1.5	2.0	-2.924710917884785	0.04142363429764802
8.0	0.4	2.0	0.0	-1.5189502298263957	0.0014042637836145372
8.0	0.4	2.0	0.5	-1.6881193584945107	0.003252461199849701
8.0	0.4	2.0	1.0	-2.1049914373016514	0.008993061207979824
8.0	0.4	2.0	1.5	-2.6231463274829188	0.018312931541787706
8.0	0.4	2.0	2.0	-3.1621068170780653	0.029890088060625913
8.0	0.6	0.0	0.0	-0.5461555730539477	0.02065391872132598
8.0	0.6	0.0	0.5	-1.0682829653101868	0.04769503492043156
8.0	0.6	0.0	1.0	-1.767607553911533	0.07857508985843946
8.0	0.6	0.0	1.5	-2.37156001738457	0.09790420397244687
8.0	0.6	0.0	2.0	-2.9261475658881806	0.10949903088044273
8.0	0.6	0.5	0.0	-0.6398048361172424	0.017325469196987534
8.0	0.6	0.5	0.5	-1.1305010658613404	0.04140714920636364
8.0	0.6	0.5	1.0	-1.8119281116832182	0.07099474432528237
8.0	0.6	0.5	1.5	-2.4083017427538884	0.09070845606041661
8.0	0.6	0.5	2.0	-2.9579844768728774	0.1031587074552963
8.0	0.6	1.0	0.0	-0.9098643925894339	0.01052052221642199
8.0	0.6	1.0	0.5	-1.318729108732475	0.02744368406447465
8.0	0.6	1.0	1.0	-1.945969006542827	0.052644225089052976
8.0	0.6	1.0	1.5	-2.518516562576472	0.07237215953600895
8.0	0.6	1.0	2.0	-3.053151606101946	0.08644717275412014
8.0	0.6	1.5	0.0	-1.3217491276246491	0.005005353332470877
8.0	0.6	1.5	0.5	-1.6291692462728955	0.014477113977798713
8.0	0.6	1.5	1.0	-2.170362268566395	0.03262603262761324
8.0	0.6	1.5	1.5	-2.701401779763085	0.05024918308972825
8.0	0.6	1.5	2.0	-3.2103548172415746	0.06488970906433617
8.0	0.6	2.0	0.0	-1.823586741432733	0.002080466774157706
8.0	0.6	2.0	0.5	-2.0400261151444865	0.006525295793963206
8.0	0.6	2.0	1.0	-2.479469303586109	0.017498293559360743
8.0	0.6	2.0	1.5	-2.953488811915709	0.030961487807080385
8.0	0.6	2.0	2.0	-3.426709736840852	0.04417675074769141
8.0	0.8	0.0	0.0	-0.6947046853895804	0.04683744641086626
8.0	0.8	0.0	0.5	-1.3326077272273817	0.08810888231564622
8.0	0.8	0.0	1.0	-1.9353022026100215	0.10906974876288382
8.0	0.8	0.0	1.5	-2.4707012028724424	0.11777021226259975
8.0	0.8	0.0	2.0	-2.985923958706106	0.12171613408401578
8.0	0.8	0.5	0.0	-0.7824519206159793	0.03653693983806679
8.0	0.8	0.5	0.5	-1.3822874218038912	0.07487806481447859
8.0	0.8	0.5	1.0	-1.976499485087726	0.09779010704568238
8.0	0.8	0.5	1.5	-2.5063686742051505	0.1086879306904465
8.0	0.8	0.5	2.0	-3.017213095706249	0.11442751768213126
8.0	0.8	1.0	0.0	-1.0479744833058855	0.01808947411745112
8.0	0.8	1.0	0.5	-1.53874542145912	0.046208479288135575
8.0	0.8	1.0	1.0	-2.101083700196508	0.07070938181414399
8.0	0.8	1.0	1.5	-2.6131448663818033	0.08566590854208862
8.0	0.8	1.0	2.0	-3.11063556413358	0.0952805594191021
8.0	0.8	1.5	0.0	-1.4658844292047544	0.006527694732480828
8.0	0.8	1.5	0.5	-1.813022038611674	0.02145468232036823
8.0	0.8	1.5	1.0	-2.3102623770266284	0.041847334798316545
8.0	0.8	1.5	1.5	-2.7898330962649442	0.05823304150893536
8.0	0.8	1.5	2.0	-3.264677578368401	0.07076022032078069
8.0	0.8	2.0	0.0	-1.969529253401031	0.0021045999698445844
8.0	0.8	2.0	0.5	-2.1935713413622557	0.008234333667823057
8.0	0.8	2.0	1.0	-2.600358073788894	0.021034222113456322
8.0	0.8	2.0	1.5	-3.0329054096363715	0.03484099354512002
8.0	0.8	2.0	2.0	-3.476319324082008	0.04748002861765929
8.0	1.0	0.0	0.0	-0.8176628754344895	0.07555567324993756
8.0	1.0	0.0	0.5	-1.442906555493133	0.11053014717381139
8.0	1.0	0.0	1.0	-1.9820750907325875	0.12005728470778904
8.0	1.0	0.0	1.5	-2.493152077469687	0.12318533357949116
8.0	1.0	0.0	2.0	-2.997243595163872	0.12433066431548394
8.0	1.0	0.5	0.0	-0.8902935785441479	0.056445877945901946
8.0	1.0	0.5	0.5	-1.489986834219315	0.09366977440275785
8.0	1.0	0.5	1.0	-2.0232141711419778	0.10745979827662563
8.0	1.0	0.5	1.5	-2.5287677514063334	0.11357903615802808
8.0	1.0	0.5	2.0	-3.0284625626529604	0.11683151386152232
8.0	1.0	1.0	0.0	-1.1333596033812487	0.024184396004217512
8.0	1.0	1.0	0.5	-1.6367650992067533	0.05678970728979272
8.0	1.0	1.0	1.0	-2.146967146891671	0.07720490627541278
8.0	1.0	1.0	1.5	-2.6352077135007814	0.08924767503688429
8.0	1.0	1.0	2.0	-3.1216241095624135	0.09714359326348136
8.0	1.0	1.5	0.0	-1.544394285259753	0.007063633938834583
8.0	1.0	1.5	0.5	-1.894717514229612	0.02505988215791219
8.0	1.0	1.5	1.0	-2.3532019934677058	0.04505008818291648
8.0	1.0	1.5	1.5	-2.810849407348309	0.060324258957319854
8.0	1.0	1.5	2.0	-3.275094287054776	0.07196721620689067
8.0	1.0	2.0	0.0	-2.041206991335694	0.0019260267746189714
8.0	1.0	2.0	0.5	-2.2577998454089623	0.008893269148659459
8.0	1.0	2.0	1.0	-2.6376135941273455	0.02213826968146143
8.0	1.0	2.0	1.5	-3.051809669980069	0.03579372861204875
8.0	1.0	2.0	2.0	-3.4857479073284345	0.048126977791988594
8.0	1.2	0.0	0.0	-0.9028643897297396	0.09790857268962656
8.0	1.2	0.0	0.5	-1.4809471575247932	0.11968432609469389
8.0	1.2	0.0	1.0	-1.9949232066546694	0.1235038752571906
8.0	1.2	0.0	1.5	-2.4983633891425083	0.12455074957990506
8.0	1.2	0.0	2.0	-2.9994515204094907	0.12486460703004855
8.0	1.2	0.5	0.0	-0.9634983713736875	0.07216980024644143
8.0	1.2	0.5	0.5	-1.5289148487979982	0.10156635948679882
8.0	1.2	0.5	1.0	-2.0363210646059775	0.11051275924112865
8.0	1.2	0.5	1.5	-2.5340125721646634	0.11481351250256577
8.0	1.2	0.5	2.0	-3.0306616787925806	0.1173217686820563
8.0	1.2	1.0	0.0	-1.1851106987336208	0.028412555448687496
8.0	1.2	1.0	0.5	-1.6759982870023216	0.06151473175114999
8.0	1.2	1.0	1.0	-2.1605155668334706	0.07928183976409456
8.0	1.2	1.0	1.5	-2.6404842531273136	0.0901511560908865
8.0	1.2	1.0	2.0	-3.1237822629584064	0.09752120032404381
8.0	1.2	1.5	0.0	-1.5887314572022704	0.007093191943647057
8.0	1.2	1.5	0.5	-1.929838069588668	0.02666470417103859
8.0	1.2	1.5	1.0	-2.3665334582320057	0.046067132818832346
8.0	1.2	1.5	1.5	-2.815979217059918	0.06084465904078169
8.0	1.2	1.5	2.0	-3.2771431728970386	0.07220777216906592
8.0	1.2	2.0	0.0	-2.078265922306138	0.0017422612268837255
8.0	1.2	2.0	0.5	-2.285091349435195	0.009120377798820481
8.0	1.2	2.0	1.0	-2.649371469457903	0.02246278415421882
8.0	1.2	2.0	1.5	-3.056439744970083	0.03601991653728903
8.0	1.2	2.0	2.0	-3.487584845067717	0.048251143411672484
8.0	1.4	0.0	0.0	-0.9522594228546026	0.11150876689107145
8.0	1.4	0.0	0.5	-1.4935684319611646	0.12307514766863954
8.0	1.4	0.0	1.0	-1.998533540392521	0.12454943490860022
8.0	1.4	0.0	1.5	-2.499603426172218	0.12488912143033545
8.0	1.4	0.0	2.0	-2.999890001185262	0.12497265423101159
8.0	1.4	0.5	0.0	-1.0081016292317069	0.08253011918658876
8.0	1.4	0.5	0.5	-1.5425445981782049	0.104588380920723
8.0	1.4	0.5	1.0	-2.040086146027819	0.11144720934792826
8.0	1.4	0.5	1.5	-2.535270606582839	0.11512019400944938
8.0	1.4	0.5	2.0	-3.031099034115104	0.11742090784862401
8.0	1.4	1.0	0.0	-1.2164243685759502	0.03116064292985961
8.0	1.4	1.0	0.5	-1.6915076559629947	0.06347512707737435
8.0	1.4	1.0	1.0	-2.1646208353071805	0.0799308949331774
8.0	1.4	1.0	1.5	-2.641775398343797	0.0903765417820105
8.0	1.4	1.0	2.0	-3.124212819841178	0.09759727713363436
8.0	1.4	1.5	0.0	-1.6151310865384754	0.006915618487174196
8.0	1.4	1.5	0.5	-1.9451546343923902	0.027353280209307378
8.0	1.4	1.5	1.0	-2.3707927656445724	0.04638693212581345
8.0	1.4	1.5	1.5	-2.8172600211978693	0.06097371857665347
8.0	1.4	1.5	2.0	-3.277552264797329	0.07225563727313261
8.0	1.4	2.0	0.0	-2.0984296903941857	0.0015981547024492655
8.0	1.4	2.0	0.5	-2.2970658393750125	0.009193708133034745
8.0	1.4	2.0	1.0	-2.6531987501155125	0.022558088343888026
8.0	1.4	2.0	1.5	-3.0576009334558734	0.03607386479733572
8.0	1.4	2.0	2.0	-3.487948499351676	0.04827506865668858
8.0	1.6	0.0	0.0	-0.9775916041383725	0.11862928689411012
8.0	1.6	0.0	0.5	-1.497792674636838	0.12430272556223111
8.0	1.6	0.0	1.0	-1.999570452245849	0.12486439219446793
8.0	1.6	0.0	1.5	-2.4999031471459103	0.1249726527596898
8.0	1.6	0.0	2.0	-2.9999778588349795	0.12499447856166206
8.0	1.6	0.5	0.0	-1.0333542514783671	0.08867245415862265
8.0	1.6	0.5	0.5	-1.5473771320422194	0.10572078708881144
8.0	1.6	0.5	1.0	-2.0411916048479397	0.11173175779739324
8.0	1.6	0.5	1.5	-2.5355768825044662	0.1151961596270057
8.0	1.6	0.5	2.0	-3.0311867443852583	0.11744092625896249
8.0	1.6	1.0	0.0	-1.2356407933530789	0.0329047355230924
8.0	1.6	1.0	0.5	-1.6977619812293074	0.06427954423248435
8.0	1.6	1.0	1.0	-2.1658933644477965	0.08013391929003248
8.0	1.6	1.0	1.5	-2.6420957882092306	0.09043278050788453
8.0	1.6	1.0	2.0	-3.124299378540689	0.09761260428691862
8.0	1.6	1.5	0.0	-1.6317416933939317	0.006670857163814521
8.0	1.6	1.5	0.5	-1.9520209982572105	0.027650046353671125
8.0	1.6	1.5	1.0	-2.372187164664141	0.04648845688515588
8.0	1.6	1.5	1.5	-2.8175846012515446	0.0610059070254346
8.0	1.6	1.5	2.0	-3.277634633761878	0.07226519088792852
8.0	1.6	2.0	0.0	-2.109871392282843	0.0014939052094654938
8.0	1.6	2.0	0.5	-2.30248753961742	0.009215174451770922
8.0	1.6	2.0	1.0	-2.654476864207937	0.02258639335421951
8.0	1.6	2.0	1.5	-3.0578972068708703	0.0360868727870558
8.0	1.6	2.0	2.0	-3.488021273430225	0.04827971240093003
8.0	1.8	0.0	0.0	-0.9897239790210127	0.12207054874108374
8.0	1.8	0.0	0.5	-1.4992313160125612	0.12474652640538747
8.0	1.8	0.0	1.0	-1.9998729945640505	0.12495917726900418
8.0	1.8	0.0	1.5	-2.499976242936634	0.12499325601429657
8.0	1.8	0.0	2.0	-2.9999955358858683	0.12499888522361288
8.0	1.8	0.5	0.0	-1.0471302645742733	0.09213025054188015
8.0	1.8	0.5	0.5	-1.549126393318112	0.10614552374267991
8.0	1.8	0.5	1.0	-2.041521223991638	0.11181846103494573
8.0	1.8	0.5	1.5	-2.5356520724461777	0.11521497165236257
8.0	1.8	0.5	2.0	-3.031204402204558	0.11744496772655752
8.0	1.8	1.0	0.0	-1.2477200966524091	0.03400318844930815
8.0	1.8	1.0	0.5	-1.7003491907028696	0.06461274407385585
8.0	1.8	1.0	1.0	-2.1662942632944455	0.08019780007728497
8.0	1.8	1.0	1.5	-2.642175942016163	0.09044684408000003
8.0	1.8	1.0	2.0	-3.1243168469378038	0.09761569511467094
8.0	1.8	1.5	0.0	-1.6427242996643128	0.006418613297478137
8.0	1.8	1.5	0.5	-1.9551835852083315	0.027780089369065328
8.0	1.8	1.5	1.0	-2.3726521026261977	0.046521103588388325
8.0	1.8	1.5	1.5	-2.8176676903766507	0.06101398938562723
8.0	1.8	1.5	2.0	-3.2776513081437995	0.07226710464461397
8.0	1.8	2.0	0.0	-2.116576248017172	0.0014207916505294587
8.0	1.8	2.0	0.5	-2.3050073365260015	0.00922001042526097
8.0	1.8	2.0	1.0	-2.6549122540163523	0.022594893480708516
8.0	1.8	2.0	1.5	-3.057973801172166	0.036090043560157894
8.0	1.8	2.0	2.0	-3.4880359598543422	0.0482806203123718
8.0	2.0	0.0	0.0	-0.9953394571424529	0.12366975447085878
8.0	2.0	0.0	0.5	-1.4997291884731017	0.12490754264390086
8.0	2.0	0.0	1.0	-1.9999622140898186	0.12498770806154491
8.0	2.0	0.0	1.5	-2.499994158635446	0.12499833694342037
8.0	2.0	0.0	2.0	-2.999999099265687	0.12499977492982789
8.0	2.0	0.5	0.0	-1.0545553872386384	0.0940398225351113
8.0	2.0	0.5	0.5	-1.5497716058209772	0.10630585280832826
8.0	2.0	0.5	1.0	-2.041620515876568	0.11184492010512577
8.0	2.0	0.5	1.5	-2.5356706160845857	0.11521963127121991
8.0	2.0	0.5	2.0	-3.0312079633143396	0.11744578369059673
8.0	2.0	1.0	0.0	-1.255531309828589	0.03469030441265573
8.0	2.0	1.0	0.5	-1.7014441355093732	0.06475277577816427
8.0	2.0	1.0	1.0	-2.166421992321926	0.08021802448922652
8.0	2.0	1.0	1.5	-2.6421960949156507	0.09045036901821958
8.0	2.0	1.0	2.0	-3.1243203798144954	0.09761631903255204
8.0	2.0	1.5	0.0	-1.6502912128994882	0.006182987647895981
8.0	2.0	1.5	0.5	-1.9566737054302634	0.027838114559019533
8.0	2.0	1.5	1.0	-2.3728092855285308	0.04653172995794559
8.0	2.0	1.5	1.5	-2.8176891215533937	0.061016031848605656
8.0	2.0	1.5	2.0	-3.277654697594293	0.07226748935418299
8.0	2.0	2.0	0.0	-2.1206018375210425	0.0013702444694155243
8.0	2.0	2.0	0.5	-2.3062028183986545	0.00922003754068719
8.0	2.0	2.0	1.0	-2.6550628805986967	0.022597466393397755
8.0	2.0	2.0	1.5	-3.0579938151758728	0.03609082409742584
8.0	2.0	2.0	2.0	-3.488038945053737	0.04828079904391559
10.0	0.2	0.0	0.0	-0.197375757121243	5.990929305190263e-5
10.0	0.2	0.0	0.5	-0.28595622689890376	0.00011406653125658559
10.0	0.2	0.0	1.0	-0.5411534657864335	0.00032779105236961615
10.0	0.2	0.0	1.5	-0.9353019492404272	0.0008553799477316985
10.0	0.2	0.0	2.0	-1.4327703742575857	0.0019409334127336586
10.0	0.2	0.5	0.0	-0.24465873440089672	5.8015261453178876e-5
10.0	0.2	0.5	0.5	-0.3324733998665039	0.00011048209597020378
10.0	0.2	0.5	1.0	-0.5855462956443841	0.0003177381314951329
10.0	0.2	0.5	1.5	-0.9766409182459734	0.0008302159374823835
10.0	0.2	0.5	2.0	-1.4706180830846407	0.0018869028315939285
10.0	0.2	1.0	0.0	-0.3848080163029606	5.273560693658218e-5
10.0	0.2	1.0	0.5	-0.4703890430917517	0.00010048363023953383
10.0	0.2	1.0	1.0	-0.717258882744864	0.000289639455918346
10.0	0.2	1.0	1.5	-1.099418350371717	0.0007596612505972038
10.0	0.2	1.0	2.0	-1.5831546734182798	0.0017348311818051992
10.0	0.2	1.5	0.0	-0.6128998554628136	4.512339736305491e-5
10.0	0.2	1.5	0.5	-0.6949594455609418	8.604927723360641e-5
10.0	0.2	1.5	1.0	-0.9320287200843168	0.0002489156946531783
10.0	0.2	1.5	1.5	-1.3000160788907924	0.0006567860483095725
10.0	0.2	1.5	2.0	-1.7674292407691823	0.0015114382327753584
10.0	0.2	2.0	0.0	-0.9212799432994159	3.650708657652315e-5
10.0	0.2	2.0	0.5	-0.9987960505383546	6.968208168181364e-5
10.0	0.2	2.0	1.0	-1.2231815260955499	0.00020248347673728387
10.0	0.2	2.0	1.5	-1.5727259601448669	0.0005384763793419643
10.0	0.2	2.0	2.0	-2.0187471960641283	0.0012517691217025589
10.0	0.4	0.0	0.0	-0.3800901479185107	0.0015835401548804154
10.0	0.4	0.0	0.5	-0.6622677816986172	0.004887654788902138
10.0	0.4	0.0	1.0	-1.2822059688513736	0.014597128654473135
10.0	0.4	0.0	1.5	-1.961772589395745	0.028619505081962184
10.0	0.4	0.0	2.0	-2.6106784498988693	0.043780788421463795
10.0	0.4	0.5	0.0	-0.46076303992614054	0.0014106969864804684
10.0	0.4	0.5	0.5	-0.7329308112183026	0.004384191171370784
10.0	0.4	0.5	1.0	-1.3365399561260578	0.013306410811939609
10.0	0.4	0.5	1.5	-2.0044824620950465	0.026511260233782797
10.0	0.4	0.5	2.0	-2.6459932998096383	0.041095158434561484
10.0	0.4	1.0	0.0	-0.6943675988208486	0.0010088158536077415
10.0	0.4	1.0	0.5	-0.9394616803523078	0.0031932819843587786
10.0	0.4	1.0	1.0	-1.4974071512607723	0.01013922822743285
10.0	0.4	1.0	1.5	-2.13167758310355	0.021152656766907446
10.0	0.4	1.0	2.0	-2.751344806484167	0.03407273466953903
10.0	0.4	1.5	0.0	-1.0577640939380841	0.0005979198888766314
10.0	0.4	1.5	0.5	-1.265929875253814	0.0019386203689842646
10.0	0.4	1.5	1.0	-1.75779549724266	0.006571046966821414
10.0	0.4	1.5	1.5	-2.3400839293734443	0.014700706808635066
10.0	0.4	1.5	2.0	-2.924711339373137	0.025143306574259124
10.0	0.4	2.0	0.0	-1.5187839275997328	0.0003075908298716797
10.0	0.4	2.0	0.5	-1.6880366262068172	0.0010200014413870577
10.0	0.4	2.0	1.0	-2.1049823805370607	0.0037224618862186113
10.0	0.4	2.0	1.5	-2.6231473670867547	0.009063503059825872
10.0	0.4	2.0	2.0	-3.1621071848708286	0.016721340242659238
10.0	0.6	0.0	0.0	-0.5396888487201708	0.00891735169301797
10.0	0.6	0.0	0.5	-1.0680782967407723	0.029830081004946506
10.0	0.6	0.0	1.0	-1.7676263200545772	0.05596996092236948
10.0	0.6	0.0	1.5	-2.371560469523269	0.07368245604216724
10.0	0.6	0.0	2.0	-2.9261475722634427	0.08474719405135286
10.0	0.6	0.5	0.0	-0.6344718707129932	0.007151793098934922
10.0	0.6	0.5	0.5	-1.1302973381573622	0.02499450175240264
10.0	0.6	0.5	1.0	-1.811946143483922	0.04930391085236615
10.0	0.6	0.5	1.5	-2.4083022276756125	0.06697645299994061
10.0	0.6	0.5	2.0	-2.957984484407212	0.07865835298342243
10.0	0.6	1.0	0.0	-0.9068336145536267	0.0038255904948204566
10.0	0.6	1.0	0.5	-1.3185461068788897	0.014940471411286599
10.0	0.6	1.0	1.0	-1.945984534007738	0.03392623707003652
10.0	0.6	1.0	1.5	-2.51851713914077	0.050504126431700526
10.0	0.6	1.0	2.0	-3.053151617962413	0.063066826394058
10.0	0.6	1.5	0.0	-1.3205063855658108	0.0015088892057066976
10.0	0.6	1.5	0.5	-1.6290403763175196	0.006711888513669146
10.0	0.6	1.5	1.0	-2.17037338321087	0.018655141832421458
10.0	0.6	1.5	1.5	-2.7014024660292293	0.03200912037273349
10.0	0.6	1.5	2.0	-3.210354838811459	0.04406383279381952
10.0	0.6	2.0	0.0	-1.8231885875672915	0.0005030593340705893
10.0	0.6	2.0	0.5	-2.0399581397598876	0.0024761310630122754
10.0	0.6	2.0	1.0	-2.4794753859356304	0.008562062016793656
10.0	0.6	2.0	1.5	-2.9534895307237217	0.017473896468551277
10.0	0.6	2.0	2.0	-3.426709774158985	0.027249259536244057
10.0	0.8	0.0	0.0	-0.6778407416342398	0.02539866352911646
10.0	0.8	0.0	0.5	-1.3329082572931472	0.06453717650617932
10.0	0.8	0.0	1.0	-1.9353049614572526	0.08433203863032382
10.0	0.8	0.0	1.5	-2.470701211351241	0.09282325760419888
10.0	0.8	0.0	2.0	-2.9859239587262807	0.09672698951026673
10.0	0.8	0.5	0.0	-0.7691136942784214	0.018516189915499925
10.0	0.8	0.5	0.5	-1.382547506325691	0.05265694220432306
10.0	0.8	0.5	1.0	-1.9765025428552707	0.07357511574771985
10.0	0.8	0.5	1.5	-2.5063686854371894	0.08396322946282894
10.0	0.8	0.5	2.0	-3.0172130957391508	0.08954175034964515
10.0	0.8	1.0	0.0	-1.0415152367605893	0.007604747224779171
10.0	0.8	1.0	0.5	-1.5388983391395308	0.02879503232514783
10.0	0.8	1.0	1.0	-2.1010875802883975	0.04905789591924349
10.0	0.8	1.0	1.5	-2.6131448905376016	0.062355177338408216
10.0	0.8	1.0	2.0	-3.1106355642637418	0.07122260541718947
10.0	0.8	1.5	0.0	-1.463928634516709	0.0021098105789280302
10.0	0.8	1.5	0.5	-1.813066806293726	0.01103023365718277
10.0	0.8	1.5	1.0	-2.310266956422924	0.025465240690785207
10.0	0.8	1.5	1.5	-2.7898331587689915	0.038487911454216706
10.0	0.8	1.5	2.0	-3.2646775791187395	0.04910197429041514
10.0	0.8	2.0	0.0	-1.9691058892269535	0.0005108004360302599
10.0	0.8	2.0	0.5	-2.193570163668285	0.0033288324680162823
10.0	0.8	2.0	1.0	-2.6003620042831614	0.010777554819610643
10.0	0.8	2.0	1.5	-3.0329055387017854	0.02025236367405298
10.0	0.8	2.0	2.0	-3.476319327348686	0.029819557931127384
10.0	1.0	0.0	0.0	-0.7955661089426302	0.04808762638079484
10.0	1.0	0.0	0.5	-1.4430803806758734	0.08573953347682985
10.0	1.0	0.0	1.0	-1.9820752628969622	0.09508196000884037
10.0	1.0	0.0	1.5	-2.4931520775628315	0.09818863862155625
10.0	1.0	0.0	2.0	-2.9972435951639147	0.09933111292689015
10.0	1.0	0.5	0.0	-0.8721767055182605	0.03294440121566851
10.0	1.0	0.5	0.5	-1.4901603505121013	0.06971599973031732
10.0	1.0	0.5	1.0	-2.0232143990443734	0.0827789703710889
10.0	1.0	0.5	1.5	-2.5287677515724987	0.08871257948921582
10.0	1.0	0.5	2.0	-3.0284625626530786	0.09189936043094762
10.0	1.0	1.0	0.0	-1.124778671941078	0.011101707092520206
10.0	1.0	1.0	0.5	-1.636917368313205	0.03729616371011385
10.0	1.0	1.0	1.0	-2.146967630666509	0.05475436043089275
10.0	1.0	1.0	1.5	-2.6352077143888892	0.06563093978008819
10.0	1.0	1.0	2.0	-3.121624109564812	0.07296762122278834
10.0	1.0	1.5	0.0	-1.5422905706151466	0.0023381766889645815
10.0	1.0	1.5	0.5	-1.8948015704452712	0.01341118570498386
10.0	1.0	1.5	1.0	-2.353203082647963	0.027924316534463228
10.0	1.0	1.5	1.5	-2.810849413886739	0.04022327997565482
10.0	1.0	1.5	2.0	-3.275094287110943	0.050151146248231304
10.0	1.0	2.0	0.0	-2.0408779275075437	0.000457558903938262
10.0	1.0	2.0	0.5	-2.257821552367585	0.0036709944883363253
10.0	1.0	2.0	1.0	-2.637615097818705	0.011489292420535998
10.0	1.0	2.0	1.5	-3.0518096962564405	0.02094696910576356
10.0	1.0	2.0	2.0	-3.4857479078018185	0.03032831083835333
10.0	1.2	0.0	0.0	-0.8846991413315877	0.06929570415001353
10.0	1.2	0.0	0.5	-1.4809979131460047	0.0947123017250951
10.0	1.2	0.0	1.0	-1.9949232148796046	0.09850612036694505
10.0	1.2	0.0	1.5	-2.4983633891433668	0.09955095158747125
10.0	1.2	0.0	2.0	-2.999451520409491	0.09986462536627105
10.0	1.2	0.5	0.0	-0.946711919326798	0.046421277045907115
10.0	1.2	0.5	0.5	-1.5289721381112669	0.07714374712054993
10.0	1.2	0.5	1.0	-2.036321077937262	0.08572905033389674
10.0	1.2	0.5	1.5	-2.5340125721669664	0.08991946995208719
10.0	1.2	0.5	2.0	-3.0306616787925815	0.09238165444705301
10.0	1.2	1.0	0.0	-1.176161348851714	0.013822248396622891
10.0	1.2	1.0	0.5	-1.6760698807614904	0.041219168928149696
10.0	1.2	1.0	1.0	-2.1605156216714674	0.05660172288932619
10.0	1.2	1.0	1.5	-2.6404842531766772	0.0664624902060055
10.0	1.2	1.0	2.0	-3.1237822629585414	0.07332233406015913
10.0	1.2	1.5	0.0	-1.5868220518267764	0.00235994281300293
10.0	1.2	1.5	0.5	-1.9298979535714795	0.014497357685671503
10.0	1.2	1.5	1.0	-2.366533722080239	0.028714527629430574
10.0	1.2	1.5	1.5	-2.8159792181100913	0.040657489855440786
10.0	1.2	1.5	2.0	-3.277143172904206	0.050360776309648636
10.0	1.2	2.0	0.0	-2.0780395510130867	0.00040387524454512275
10.0	1.2	2.0	0.5	-2.28511176077454	0.0037906128640456034
10.0	1.2	2.0	1.0	-2.6493720207370743	0.011700191069611334
10.0	1.2	2.0	1.5	-3.0564397510014887	0.021112559316664524
10.0	1.2	2.0	2.0	-3.4875848451111557	0.030426149584757634
10.0	1.4	0.0	0.0	-0.9410994715499902	0.083952673275503
10.0	1.4	0.0	0.5	-1.4935803316389027	0.09807881979685523
10.0	1.4	0.0	1.0	-1.9985335407496507	0.09954963810056583
10.0	1.4	0.0	1.5	-2.4996034261722255	0.09988913372712002
10.0	1.4	0.0	2.0	-2.999890001185262	0.09997265497884358
10.0	1.4	0.5	0.0	-0.9957515456582794	0.05652940088857587
10.0	1.4	0.5	0.5	-1.5425596158747141	0.08002357793745236
10.0	1.4	0.5	1.0	-2.040086146754924	0.08663611747916444
10.0	1.4	0.5	1.5	-2.535270606582876	0.0902198030682039
10.0	1.4	0.5	2.0	-3.031099034115104	0.09247924511085495
10.0	1.4	1.0	0.0	-1.2081727490931016	0.01578403317588056
10.0	1.4	1.0	0.5	-1.6915346379293552	0.04286733988567705
10.0	1.4	1.0	1.0	-2.164620842421247	0.057181537898742564
10.0	1.4	1.0	1.5	-2.64177539834905	0.06667025754314267
10.0	1.4	1.0	2.0	-3.12421281984119	0.07339383996173221
10.0	1.4	1.5	0.0	-1.6135262850907555	0.0022943748528301334
10.0	1.4	1.5	0.5	-1.9451890519943595	0.014967533951868011
10.0	1.4	1.5	1.0	-2.370792839370529	0.02896390793614171
10.0	1.4	1.5	1.5	-2.817260021395178	0.040765318241547686
10.0	1.4	1.5	2.0	-3.2775522647966695	0.05040250871946987
10.0	1.4	2.0	0.0	-2.0982787780523444	0.0003626835341287266
10.0	1.4	2.0	0.5	-2.297079703876533	0.0038295178444019166
10.0	1.4	2.0	1.0	-2.6531989399410967	0.01176227034325937
10.0	1.4	2.0	1.5	-3.0576009339126755	0.02115209279224767
10.0	1.4	2.0	2.0	-3.487948499284954	0.03044500919002534
10.0	1.6	0.0	0.0	-0.9717552661531874	0.09222290740748136
10.0	1.6	0.0	0.5	-1.4977952421854623	0.09930320880802447
10.0	1.6	0.0	1.0	-1.999570452260793	0.09986441058893271
10.0	1.6	0.0	1.5	-2.4999031471459103	0.09997265350760225
10.0	1.6	0.0	2.0	-2.9999778588349795	0.09999447859214866
10.0	1.6	0.5	0.0	-1.0253538223801977	0.06309739040767455
10.0	1.6	0.5	0.5	-1.5473807217255053	0.08110793858817081
10.0	1.6	0.5	1.0	-2.0411916048876777	0.08691270621544041
10.0	1.6	0.5	1.5	-2.535576882504467	0.09029422711193626
10.0	1.6	0.5	2.0	-3.0311867443852583	0.09249895334425821
10.0	1.6	1.0	0.0	-1.2284807565360247	0.017158819986133576
10.0	1.6	1.0	0.5	-1.6977714634528334	0.04354698343116622
10.0	1.6	1.0	1.0	-2.1658933656434955	0.05736314646956344
10.0	1.6	1.0	1.5	-2.6420957882099594	0.06672212030863961
10.0	1.6	1.0	2.0	-3.124299378540683	0.07340824790360916
10.0	1.6	1.5	0.0	-1.6304373585704515	0.002199649977470318
10.0	1.6	1.5	0.5	-1.9520395483363497	0.015170758657098595
10.0	1.6	1.5	1.0	-2.372187186648098	0.029043167076747062
10.0	1.6	1.5	1.5	-2.8175846012413346	0.0407922203711303
10.0	1.6	1.5	2.0	-3.277634633759211	0.05041083910932902
10.0	1.6	2.0	0.0	-2.1097667769782658	0.0003334152673862225
10.0	1.6	2.0	0.5	-2.3024953515389255	0.003841005027684176
10.0	1.6	2.0	1.0	-2.6544769003554114	0.011780719086137948
10.0	1.6	2.0	1.5	-3.057897205337901	0.02116162727923122
10.0	1.6	2.0	2.0	-3.4880212733267832	0.030448669994445076
10.0	1.8	0.0	0.0	-0.986909050706527	0.09637802350182986
10.0	1.8	0.0	0.5	-1.49923185126838	0.0997465904141356
10.0	1.8	0.0	1.0	-1.9998729945646665	0.09995917893563562
10.0	1.8	0.0	1.5	-2.4999762429366337	0.09999325605977852
10.0	1.8	0.0	2.0	-2.9999955358858683	0.09999888522485562
10.0	1.8	0.5	0.0	-1.0422630988659665	0.06703057552728872
10.0	1.8	0.5	0.5	-1.5491272169348709	0.08151540602451314
10.0	1.8	0.5	1.0	-2.0415212239939473	0.08699701912556965
10.0	1.8	0.5	1.5	-2.5356520724461777	0.0903126592798141
10.0	1.8	0.5	2.0	-3.0312044022045574	0.09250293229289328
10.0	1.8	1.0	0.0	-1.241677943897845	0.018115128543157562
10.0	1.8	1.0	0.5	-1.7003525037437928	0.04382907453974604
10.0	1.8	1.0	1.0	-2.1662942635489677	0.05742031270821538
10.0	1.8	1.0	1.5	-2.642175942016026	0.06673509084846208
10.0	1.8	1.0	2.0	-3.1243168469377935	0.07341115343447727
10.0	1.8	1.5	0.0	-1.6416748130281669	0.002100958475394419
10.0	1.8	1.5	0.5	-1.9551933434650615	0.015259860785123818
10.0	1.8	1.5	1.0	-2.3726521073150426	0.02906866301120712
10.0	1.8	1.5	1.5	-2.8176676902992632	0.040798975918800606
10.0	1.8	1.5	2.0	-3.2776513081404923	0.05041250786567355
10.0	1.8	2.0	0.0	-2.1164951599250785	0.0003131607885879319
10.0	1.8	2.0	0.5	-2.3050105318141423	0.0038436516883490687
10.0	1.8	2.0	1.0	-2.654912217130627	0.011786259811799395
10.0	1.8	2.0	1.5	-3.0579737988199116	0.021163951482234513
10.0	1.8	2.0	2.0	-3.4880359597372164	0.03044938573848161
10.0	2.0	0.0	0.0	-0.9940329754545987	0.09834545120832335
10.0	2.0	0.0	0.5	-1.4997292983529038	0.09990755117348436
10.0	2.0	0.0	1.0	-1.9999622140898439	0.09998770821264039
10.0	2.0	0.0	1.5	-2.499994158635446	0.09999833694618615
10.0	2.0	0.0	2.0	-2.9999990992656875	0.09999977492987855
10.0	2.0	0.5	0.0	-1.051671113949813	0.0692955710492505
10.0	2.0	0.5	0.5	-1.5497717911789717	0.08166932767641738
10.0	2.0	0.5	1.0	-2.041620515876726	0.08702275199971567
10.0	2.0	0.5	1.5	-2.5356706160845857	0.09031722492666103
10.0	2.0	0.5	2.0	-3.0312079633143396	0.09250373563863544
10.0	2.0	1.0	0.0	-1.250485877716338	0.018780368420550177
10.0	2.0	1.0	0.5	-1.701445324062724	0.04394773221505445
10.0	2.0	1.0	1.0	-2.1664219923705383	0.05743841369574558
10.0	2.0	1.0	1.5	-2.6421960949152763	0.06673834190463149
10.0	2.0	1.0	2.0	-3.124320379814484	0.07341173995091574
10.0	2.0	1.5	0.0	-1.6494411049654936	0.002008494730096621
10.0	2.0	1.5	0.5	-1.956678656739533	0.015299599040642426
10.0	2.0	1.5	1.0	-2.372809283379084	0.029076962706224063
10.0	2.0	1.5	1.5	-2.8176891214507407	0.04080068312264347
10.0	2.0	1.5	2.0	-3.277654697590761	0.050412843325803536
10.0	2.0	2.0	0.0	-2.120528519684748	0.00029928607466808493
10.0	2.0	2.0	0.5	-2.3062026707351353	0.003843717559126371
10.0	2.0	2.0	1.0	-2.6550628065102915	0.01178793667317099
10.0	2.0	2.0	1.5	-3.057993812464582	0.021164523623523415
10.0	2.0	2.0	2.0	-3.4880389449313354	0.03044952664017256
